1.549504e-02	7.665431e-03
5.627710e-02	3.761051e-03
7.284427e-02	2.971838e-03
9.115916e-02	7.596340e-04
1.094814e-01	2.498260e-04
1.277920e-01	7.122640e-04
1.461856e-01	2.786840e-04
1.644294e-01	7.196380e-04
2.127519e-01	1.716350e-04
2.412019e-01	7.381340e-04
3.097340e-01	4.892160e-04
3.480145e-01	7.438500e-04
3.764204e-01	5.098600e-04
4.147601e-01	7.406720e-04
4.431918e-01	6.070330e-04
5.116142e-01	7.387240e-04
5.499984e-01	7.278630e-04
5.683425e-01	7.399310e-04
5.865968e-01	7.050870e-04
6.150132e-01	7.411380e-04
6.431912e-01	6.303700e-04
6.815869e-01	7.534270e-04
7.501881e-01	7.473800e-04
7.784872e-01	7.423540e-04
8.469923e-01	7.202180e-04
8.752540e-01	7.140010e-04
8.934486e-01	8.115400e-04
9.116987e-01	8.708140e-04
9.500933e-01	1.058935e-03
9.784271e-01	1.097284e-03
1.016808e+00	1.099133e-03
1.045214e+00	1.040555e-03
1.083553e+00	1.138293e-03
1.120111e+00	1.142124e-03
1.133738e+00	1.160994e-03
1.204102e+00	1.165744e-03
1.234387e+00	1.094456e-03
1.274595e+00	1.227211e-03
1.304899e+00	1.180474e-03
1.375453e+00	3.763100e-05
1.405656e+00	1.886040e-04
1.436158e+00	6.423800e-04
1.476148e+00	7.983370e-04
1.506348e+00	9.832990e-04
1.536568e+00	1.065765e-03
1.576875e+00	1.207473e-03
1.607067e+00	1.162687e-03
1.637318e+00	1.137256e-03
1.667658e+00	1.202097e-03
1.707911e+00	1.225094e-03
1.728125e+00	1.200785e-03
1.838921e+00	1.370300e-04
1.859068e+00	4.797210e-04
1.909406e+00	6.341430e-04
1.939645e+00	7.973960e-04
1.969929e+00	1.394844e-03
2.010212e+00	1.243951e-03
2.040448e+00	1.216795e-03
2.070706e+00	1.181834e-03
2.100896e+00	1.240322e-03
2.141253e+00	1.192551e-03
2.171469e+00	1.290010e-03
2.201707e+00	1.239091e-03
2.272179e+00	9.071300e-05
2.302469e+00	4.935430e-04
2.342705e+00	5.035190e-04
2.372993e+00	8.388300e-04
2.403283e+00	1.274925e-03
2.447143e+00	1.173933e-03
2.475864e+00	1.459488e-03
2.506024e+00	1.105083e-03
2.576481e+00	1.876090e-04
2.606721e+00	4.709820e-04
2.636904e+00	5.562320e-04
2.677255e+00	8.823500e-04
2.707538e+00	1.013977e-03
2.737792e+00	9.502030e-04
2.767989e+00	1.089611e-03
2.798091e+00	1.070799e-03
2.838505e+00	9.656410e-04
2.868684e+00	9.991600e-04
2.908837e+00	8.826250e-04
2.939099e+00	8.928360e-04
2.969354e+00	1.444842e-03
3.039621e+00	8.761710e-04
3.069855e+00	4.879900e-05
3.110176e+00	3.733080e-04
3.140427e+00	6.046710e-04
3.171446e+00	9.471200e-04
3.201256e+00	9.157920e-04
3.241353e+00	8.879790e-04
3.271620e+00	8.857120e-04
3.301786e+00	9.178560e-04
3.342265e+00	8.590720e-04
3.372612e+00	8.563230e-04
3.402722e+00	1.470900e-05
3.442888e+00	1.726600e-05
3.473181e+00	1.445100e-04
3.503418e+00	9.839020e-04
3.573858e+00	1.027953e-03
3.604225e+00	1.081376e-03
3.634594e+00	9.597930e-04
3.674717e+00	9.176390e-04
3.704806e+00	8.476320e-04
3.734843e+00	8.707660e-04
3.775064e+00	8.484340e-04
3.805514e+00	8.146650e-04
3.815682e+00	8.730580e-04
3.876113e+00	8.878060e-04
3.906375e+00	1.505400e-05
3.936647e+00	2.492660e-04
3.976998e+00	6.827510e-04
4.007263e+00	7.802710e-04
4.037447e+00	1.012368e-03
4.067757e+00	1.012239e-03
4.108110e+00	9.063110e-04
4.138369e+00	9.084240e-04
4.168546e+00	1.670600e-05
4.269286e+00	2.035810e-04
4.309476e+00	3.638140e-04
4.369765e+00	6.062960e-04
4.410003e+00	8.380710e-04
4.440250e+00	8.777980e-04
4.510708e+00	8.279690e-04
4.540958e+00	1.055070e-03
4.551120e+00	9.185700e-04
4.571329e+00	9.902440e-04
4.601491e+00	9.683640e-04
4.641816e+00	9.130040e-04
4.772507e+00	7.532600e-05
4.802734e+00	2.697830e-04
4.843033e+00	5.763010e-04
4.853194e+00	7.709860e-04
4.873385e+00	8.750060e-04
4.903636e+00	8.785030e-04
4.943969e+00	9.968120e-04
4.974280e+00	3.838571e-03
5.034759e+00	5.045586e-03
5.075196e+00	6.189073e-03
5.105505e+00	6.926975e-03
5.205958e+00	6.637655e-03
5.236414e+00	6.343858e-03
5.276751e+00	6.853336e-03
5.317172e+00	6.896618e-03
5.367564e+00	8.250052e-03
5.428053e+00	8.092105e-03
5.508686e+00	7.255310e-03
5.569149e+00	8.208272e-03
5.639698e+00	8.483310e-03
5.710143e+00	8.357696e-03
5.740622e+00	8.920441e-03
5.841092e+00	8.369968e-03
5.851465e+00	8.624192e-03
5.871673e+00	9.036973e-03
5.901859e+00	9.681867e-03
5.942090e+00	8.275898e-03
5.972427e+00	8.991557e-03
6.002582e+00	9.315461e-03
6.042907e+00	9.092272e-03
6.073129e+00	8.544350e-03
6.143647e+00	8.951967e-03
6.155140e+00	7.932820e-03
6.173957e+00	9.398203e-03
6.204217e+00	8.448009e-03
6.244332e+00	7.884153e-03
6.274716e+00	8.298025e-03
6.304979e+00	8.451478e-03
6.335101e+00	9.093739e-03
6.375548e+00	9.367939e-03
6.405713e+00	1.014247e-02
6.436022e+00	1.034374e-02
6.476373e+00	9.947287e-03
6.506472e+00	1.104718e-02
6.536861e+00	1.095392e-02
6.577122e+00	1.116306e-02
6.607321e+00	1.157682e-02
6.637637e+00	1.182710e-02
6.677862e+00	1.163216e-02
6.708164e+00	1.179570e-02
6.738315e+00	1.214035e-02
6.768567e+00	1.168952e-02
6.808824e+00	1.205218e-02
6.839055e+00	1.117107e-02
6.869305e+00	1.157672e-02
6.909575e+00	1.164673e-02
6.939648e+00	1.214937e-02
6.969926e+00	1.257788e-02
7.010220e+00	1.245621e-02
7.040310e+00	1.265119e-02
7.070625e+00	1.246901e-02
7.140890e+00	1.241415e-02
7.171183e+00	1.264681e-02
7.201399e+00	1.278130e-02
7.241663e+00	1.284106e-02
7.271781e+00	1.254067e-02
7.302158e+00	1.128515e-02
7.342469e+00	1.213080e-02
7.372443e+00	1.229497e-02
7.402978e+00	1.244750e-02
7.443150e+00	1.262490e-02
7.473262e+00	1.279756e-02
7.503565e+00	1.215723e-02
7.543928e+00	1.306396e-02
7.574183e+00	1.307423e-02
7.604471e+00	1.291213e-02
7.634604e+00	1.279188e-02
7.674993e+00	1.304607e-02
7.705220e+00	1.289776e-02
7.735396e+00	1.282587e-02
7.775653e+00	1.305802e-02
7.805900e+00	1.282462e-02
7.836186e+00	1.302423e-02
7.876406e+00	1.185968e-02
7.906659e+00	1.278527e-02
7.936903e+00	1.248457e-02
7.977170e+00	1.299306e-02
8.007289e+00	1.309598e-02
8.037598e+00	1.312210e-02
8.078004e+00	1.308086e-02
8.108271e+00	1.350421e-02
8.138808e+00	1.324333e-02
8.168755e+00	1.180716e-02
8.208822e+00	1.165871e-02
8.239338e+00	1.238138e-02
8.269491e+00	1.218992e-02
8.309638e+00	1.146955e-02
8.339962e+00	1.183451e-02
8.370691e+00	1.241033e-02
8.410278e+00	1.254810e-02
8.440685e+00	1.260779e-02
8.470856e+00	1.277135e-02
8.501101e+00	1.256322e-02
8.541429e+00	1.260245e-02
8.571385e+00	1.283513e-02
8.601824e+00	1.255308e-02
8.641913e+00	1.255068e-02
8.672356e+00	1.280998e-02
8.702586e+00	1.290690e-02
8.742677e+00	1.268208e-02
8.772977e+00	1.163267e-02
8.803217e+00	1.184732e-02
8.843431e+00	1.208036e-02
8.873748e+00	1.237613e-02
8.904276e+00	1.250797e-02
8.944270e+00	1.255880e-02
8.964488e+00	1.318535e-02
9.004775e+00	1.293253e-02
9.035000e+00	1.303218e-02
9.065337e+00	1.275540e-02
9.105627e+00	1.282765e-02
9.135935e+00	1.314803e-02
9.176213e+00	1.267855e-02
9.206496e+00	1.160674e-02
9.236573e+00	1.229399e-02
9.276911e+00	1.198770e-02
9.307074e+00	1.183281e-02
9.337374e+00	1.208612e-02
9.377579e+00	1.223377e-02
9.407768e+00	1.230528e-02
9.438118e+00	1.280558e-02
9.468280e+00	1.230060e-02
9.509901e+00	1.244053e-02
9.538854e+00	1.250426e-02
9.569032e+00	1.223451e-02
9.609179e+00	1.209711e-02
9.639557e+00	1.224677e-02
9.669949e+00	1.192208e-02
9.710246e+00	1.174728e-02
9.740530e+00	1.149987e-02
9.770702e+00	1.196343e-02
9.810927e+00	1.233659e-02
9.841329e+00	1.231556e-02
9.871533e+00	1.247118e-02
9.901792e+00	1.231860e-02
9.942081e+00	1.203548e-02
9.972344e+00	1.215584e-02
1.000284e+01	1.088704e-02
1.004312e+01	1.149119e-02
1.007349e+01	1.341554e-02
1.010403e+01	1.303082e-02
1.014393e+01	1.201260e-02
1.017423e+01	1.254528e-02
1.020518e+01	1.214210e-02
1.023480e+01	1.242016e-02
1.027497e+01	1.205306e-02
1.030507e+01	1.202630e-02
1.033531e+01	1.230133e-02
1.037572e+01	1.268441e-02
1.040584e+01	1.257938e-02
1.043616e+01	1.230740e-02
1.047624e+01	1.211695e-02
1.050668e+01	1.104627e-02
1.053691e+01	1.242831e-02
1.057738e+01	9.471178e-03
1.063755e+01	8.901285e-03
1.072802e+01	9.295306e-03
1.080853e+01	8.962997e-03
1.085901e+01	9.817327e-03
1.093959e+01	8.767687e-03
1.101009e+01	8.845810e-03
1.102119e+01	9.409364e-03
1.107070e+01	9.357402e-03
1.114200e+01	9.338321e-03
1.120194e+01	7.787451e-03
1.127253e+01	8.465626e-03
1.137304e+01	9.018377e-03
1.144365e+01	9.441206e-03
1.149403e+01	9.116405e-03
1.157472e+01	9.402315e-03
1.163520e+01	9.085792e-03
1.170578e+01	8.494394e-03
1.177630e+01	7.719341e-03
1.180683e+01	9.206300e-03
1.186709e+01	9.356516e-03
1.193771e+01	9.170282e-03
1.200859e+01	8.207296e-03
1.203911e+01	8.206842e-03
1.210943e+01	9.438146e-03
1.216994e+01	9.181353e-03
1.224045e+01	8.936113e-03
1.230091e+01	9.032587e-03
1.237162e+01	8.971289e-03
1.247297e+01	8.827890e-03
1.254347e+01	9.293593e-03
1.260404e+01	9.356580e-03
1.267455e+01	9.211611e-03
1.273493e+01	8.156456e-03
1.277545e+01	7.982219e-03
1.283907e+01	9.535216e-03
1.290912e+01	9.296623e-03
1.296958e+01	7.825098e-03
1.304003e+01	8.826280e-03
1.311057e+01	1.186487e-02
1.314125e+01	9.852461e-03
1.320126e+01	8.412152e-03
1.324174e+01	8.108541e-03
1.327196e+01	8.312997e-03
1.330220e+01	9.634033e-03
1.334252e+01	9.131203e-03
1.337279e+01	8.144187e-03
1.340299e+01	7.480246e-03
1.347360e+01	7.540956e-03
1.350371e+01	7.840034e-03
1.357399e+01	8.986857e-03
1.363451e+01	8.675398e-03
1.370507e+01	7.904414e-03
1.377562e+01	7.808780e-03
1.384562e+01	7.412859e-03
1.390604e+01	8.011224e-03
1.397645e+01	7.919268e-03
1.400694e+01	7.661683e-03
1.403718e+01	8.707507e-03
1.410742e+01	8.955469e-03
1.416788e+01	9.436243e-03
1.423838e+01	7.623634e-03
1.430890e+01	8.087894e-03
1.436936e+01	7.455006e-03
1.444000e+01	7.350703e-03
1.447063e+01	8.294878e-03
1.457102e+01	7.334569e-03
1.460139e+01	8.263170e-03
1.467173e+01	6.618019e-03
1.474228e+01	7.215351e-03
1.480279e+01	6.468080e-03
1.484328e+01	8.125754e-03
1.490357e+01	7.240684e-03
1.494402e+01	7.555008e-03
1.497434e+01	7.732128e-03
1.500462e+01	7.603368e-03
1.503487e+01	8.005599e-03
1.507519e+01	7.671440e-03
1.510543e+01	6.159044e-03
1.513625e+01	8.717373e-03
1.517622e+01	6.909568e-03
1.520641e+01	7.149784e-03
1.523661e+01	7.188655e-03
1.527692e+01	6.992196e-03
1.530717e+01	7.474873e-03
1.533738e+01	6.891556e-03
1.537788e+01	7.736822e-03
1.543813e+01	1.355605e-02
1.546892e+01	1.189781e-02
1.550883e+01	1.046565e-02
1.553916e+01	1.011349e-02
1.556938e+01	9.973242e-03
1.560967e+01	1.015796e-02
1.563989e+01	1.076201e-02
1.567019e+01	1.097379e-02
1.571047e+01	1.083984e-02
1.574071e+01	1.078559e-02
1.577099e+01	1.103523e-02
1.580110e+01	1.052820e-02
1.584148e+01	1.079575e-02
1.587175e+01	1.056587e-02
1.590189e+01	1.039314e-02
1.594208e+01	8.798966e-03
1.597243e+01	9.234208e-03
1.600271e+01	9.282020e-03
1.604303e+01	9.560721e-03
1.607320e+01	1.030802e-02
1.610346e+01	9.812650e-03
1.614384e+01	1.025519e-02
1.617397e+01	9.836568e-03
1.624439e+01	9.765353e-03
1.627464e+01	1.018954e-02
1.630483e+01	9.785182e-03
1.633504e+01	9.436947e-03
1.637541e+01	9.204113e-03
1.640558e+01	8.492306e-03
1.643584e+01	9.108080e-03
1.647614e+01	9.193793e-03
1.650633e+01	9.268481e-03
1.653655e+01	8.993732e-03
1.657681e+01	8.876802e-03
1.660699e+01	9.014261e-03
1.663794e+01	7.794484e-03
1.670783e+01	9.325036e-03
1.673807e+01	8.437826e-03
1.676837e+01	9.969722e-03
1.680861e+01	7.871482e-03
1.683888e+01	7.998208e-03
1.686917e+01	8.388767e-03
1.693943e+01	9.619639e-03
1.696971e+01	9.642037e-03
1.698247e+01	1.062834e-02
1.701010e+01	1.000972e-02
1.704043e+01	9.983870e-03
1.707066e+01	9.094235e-03
1.711091e+01	1.004999e-02
1.714112e+01	9.144381e-03
1.717137e+01	9.630753e-03
1.720158e+01	8.677422e-03
1.724182e+01	9.305828e-03
1.727204e+01	8.371654e-03
1.730224e+01	7.922434e-03
1.734246e+01	7.921107e-03
1.737268e+01	8.926219e-03
1.740298e+01	6.523270e-03
1.744324e+01	7.000293e-03
1.747353e+01	7.096410e-03
1.750378e+01	7.390601e-03
1.754409e+01	7.853614e-03
1.757434e+01	8.068576e-03
1.760466e+01	7.797124e-03
1.763493e+01	7.931321e-03
1.770535e+01	7.862461e-03
1.773554e+01	8.217969e-03
1.774570e+01	8.037315e-03
1.777587e+01	8.050653e-03
1.780613e+01	7.476145e-03
1.783640e+01	7.778269e-03
1.787676e+01	7.898815e-03
1.790702e+01	7.854133e-03
1.793726e+01	7.953253e-03
1.797759e+01	7.953494e-03
1.800814e+01	7.958609e-03
1.802828e+01	8.276656e-03
1.806858e+01	6.754115e-03
1.810886e+01	6.925025e-03
1.813916e+01	7.786373e-03
1.816944e+01	7.402965e-03
1.824007e+01	8.388213e-03
1.825029e+01	8.424229e-03
1.827042e+01	8.059308e-03
1.831080e+01	8.246536e-03
1.834100e+01	8.205410e-03
1.837124e+01	8.111484e-03
1.840147e+01	8.004694e-03
1.844168e+01	7.963800e-03
1.847196e+01	7.915019e-03
1.850208e+01	7.897564e-03
1.854241e+01	7.869047e-03
1.857266e+01	7.686877e-03
1.860291e+01	7.644141e-03
1.864324e+01	7.458926e-03
1.867348e+01	7.032573e-03
1.870372e+01	7.227660e-03
1.874408e+01	7.943127e-03
1.880450e+01	7.477804e-03
1.883478e+01	7.404377e-03
1.887504e+01	7.585265e-03
1.890534e+01	7.403615e-03
1.893547e+01	7.423153e-03
1.897586e+01	7.641820e-03
1.900600e+01	7.518709e-03
1.903629e+01	6.686486e-03
1.907654e+01	6.742904e-03
1.910680e+01	7.226139e-03
1.914020e+01	8.579530e-03
1.916789e+01	7.741453e-03
1.920810e+01	7.603189e-03
1.923836e+01	7.830783e-03
1.926859e+01	6.404877e-03
1.930888e+01	6.619579e-03
1.933912e+01	6.786044e-03
1.936945e+01	7.076970e-03
1.940992e+01	7.810053e-03
1.944018e+01	7.648451e-03
1.947038e+01	7.765360e-03
1.951066e+01	7.554347e-03
1.954092e+01	7.654774e-03
1.957120e+01	7.910089e-03
1.960146e+01	7.582524e-03
1.964173e+01	7.478151e-03
1.967201e+01	6.278298e-03
1.970222e+01	7.374720e-03
1.974247e+01	7.002556e-03
1.977274e+01	7.179242e-03
1.980293e+01	7.279576e-03
1.984323e+01	7.627828e-03
1.987349e+01	7.502132e-03
1.990376e+01	7.596469e-03
1.994401e+01	7.973768e-03
1.997435e+01	7.534210e-03
2.000458e+01	7.660894e-03
2.003491e+01	7.499258e-03
2.007514e+01	7.518073e-03
2.010546e+01	6.607072e-03
2.013580e+01	7.321519e-03
2.017606e+01	7.754602e-03
2.023628e+01	7.518270e-03
2.027678e+01	7.427692e-03
2.030707e+01	8.235447e-03
2.033726e+01	7.870316e-03
2.037763e+01	8.333096e-03
2.043793e+01	7.156113e-03
2.049858e+01	1.439983e-02
2.053928e+01	1.104474e-02
2.056964e+01	1.376502e-02
2.061002e+01	1.202423e-02
2.064009e+01	8.099006e-03
2.071004e+01	1.455149e-02
2.074091e+01	1.233325e-02
2.077124e+01	9.539540e-03
2.084111e+01	7.701809e-03
2.090161e+01	7.010154e-03
2.096209e+01	5.852308e-03
2.104273e+01	6.525213e-03
2.110320e+01	6.743132e-03
2.117377e+01	6.945083e-03
2.123424e+01	7.634717e-03
2.130481e+01	7.145349e-03
2.137535e+01	6.191206e-03
2.143578e+01	6.571205e-03
2.150636e+01	7.285203e-03
2.157688e+01	6.792976e-03
2.163740e+01	6.820577e-03
2.170797e+01	6.789667e-03
2.176847e+01	6.853083e-03
2.183896e+01	5.982376e-03
2.190953e+01	6.500561e-03
2.201037e+01	6.915622e-03
2.207089e+01	6.096759e-03
2.210132e+01	5.909053e-03
2.214163e+01	5.961075e-03
2.217185e+01	4.402484e-03
2.220211e+01	4.623196e-03
2.224243e+01	4.963826e-03
2.227270e+01	5.437425e-03
2.230294e+01	5.657877e-03
2.234324e+01	5.948013e-03
2.237348e+01	6.276219e-03
2.240375e+01	5.985325e-03
2.244404e+01	6.123485e-03
2.246420e+01	6.211914e-03
2.250449e+01	6.175662e-03
2.253472e+01	6.173176e-03
2.257499e+01	6.237521e-03
2.260521e+01	6.314697e-03
2.267567e+01	5.927723e-03
2.270593e+01	5.541952e-03
2.273614e+01	5.768447e-03
2.277645e+01	6.143351e-03
2.280670e+01	6.134669e-03
2.283694e+01	6.399163e-03
2.287728e+01	6.360627e-03
2.290756e+01	6.398020e-03
2.293786e+01	6.383735e-03
2.296812e+01	6.527594e-03
2.300836e+01	6.450976e-03
2.303868e+01	5.165620e-03
2.306899e+01	5.614612e-03
2.310925e+01	5.760588e-03
2.314127e+01	6.643092e-03
2.316129e+01	6.799548e-03
2.324187e+01	5.312674e-03
2.327209e+01	5.554637e-03
2.330235e+01	6.284701e-03
2.334260e+01	6.114273e-03
2.337293e+01	6.394595e-03
2.340318e+01	6.766554e-03
2.344354e+01	6.771371e-03
2.347387e+01	6.958899e-03
2.350410e+01	6.784035e-03
2.354443e+01	6.728811e-03
2.355458e+01	6.833537e-03
2.357475e+01	7.023068e-03
2.360506e+01	6.890614e-03
2.363532e+01	6.981148e-03
2.370577e+01	6.190200e-03
2.373595e+01	6.400614e-03
2.377626e+01	5.986331e-03
2.380644e+01	5.980397e-03
2.383675e+01	6.316780e-03
2.387713e+01	6.920302e-03
2.390734e+01	7.200840e-03
2.393768e+01	7.526916e-03
2.396797e+01	7.230147e-03
2.400827e+01	7.328323e-03
2.403854e+01	7.340918e-03
2.406878e+01	7.438417e-03
2.410912e+01	7.432600e-03
2.413950e+01	7.519402e-03
2.416962e+01	6.065954e-03
2.420979e+01	6.279871e-03
2.424007e+01	6.451293e-03
2.431056e+01	7.111406e-03
2.434079e+01	7.191184e-03
2.437108e+01	7.308128e-03
2.440134e+01	7.464698e-03
2.444158e+01	7.395772e-03
2.447187e+01	7.406079e-03
2.450206e+01	7.578236e-03
2.454236e+01	7.239208e-03
2.457269e+01	7.186116e-03
2.460301e+01	7.116645e-03
2.464330e+01	6.583663e-03
2.467363e+01	6.674274e-03
2.470383e+01	6.949693e-03
2.474420e+01	7.195181e-03
2.477443e+01	7.306445e-03
2.480463e+01	7.181103e-03
2.483504e+01	7.091977e-03
2.487555e+01	7.078164e-03
2.490592e+01	7.409146e-03
2.493614e+01	7.205857e-03
2.497654e+01	6.170628e-03
2.500674e+01	6.345196e-03
2.503704e+01	7.035906e-03
2.507735e+01	7.125838e-03
2.510759e+01	7.185026e-03
2.513780e+01	7.168413e-03
2.516808e+01	7.085852e-03
2.519824e+01	7.838047e-03
2.523858e+01	7.397852e-03
2.526869e+01	7.333942e-03
2.530901e+01	7.239287e-03
2.533924e+01	7.466709e-03
2.536944e+01	5.785678e-03
2.540968e+01	6.349162e-03
2.543992e+01	6.550732e-03
2.547016e+01	6.647882e-03
2.551040e+01	6.802587e-03
2.554067e+01	7.286342e-03
2.557091e+01	7.113213e-03
2.560122e+01	8.076263e-03
2.567141e+01	8.134711e-03
2.574202e+01	8.311673e-03
2.580244e+01	8.329319e-03
2.587295e+01	7.279523e-03
2.594350e+01	8.058018e-03
2.600403e+01	8.378464e-03
2.607462e+01	8.131083e-03
2.612516e+01	8.193195e-03
2.620559e+01	6.868639e-03
2.623606e+01	1.145517e-02
2.627678e+01	7.908848e-03
2.633664e+01	6.990866e-03
2.640718e+01	7.481555e-03
2.646790e+01	7.795869e-03
2.656856e+01	7.500954e-03
2.663905e+01	7.136558e-03
2.670967e+01	5.955966e-03
2.677020e+01	6.659451e-03
2.684069e+01	7.074587e-03
2.690123e+01	7.486497e-03
2.697183e+01	7.557720e-03
2.704281e+01	5.794402e-03
2.710336e+01	6.262129e-03
2.717390e+01	6.903196e-03
2.723448e+01	7.171429e-03
2.730495e+01	7.042850e-03
2.737557e+01	6.879676e-03
2.743611e+01	7.053392e-03
2.750693e+01	6.922984e-03
2.757750e+01	7.265895e-03
2.763799e+01	7.279611e-03
2.770860e+01	6.742120e-03
2.776928e+01	6.335000e-03
2.783980e+01	7.292077e-03
2.791036e+01	5.362557e-03
2.794077e+01	1.305090e-02
2.797155e+01	9.851301e-03
2.800149e+01	8.223560e-03
2.804170e+01	8.148288e-03
2.807191e+01	6.584896e-03
2.810221e+01	6.963834e-03
2.814246e+01	7.117303e-03
2.817278e+01	7.430524e-03
2.820291e+01	7.325959e-03
2.824332e+01	7.891291e-03
2.827374e+01	8.400231e-03
2.834416e+01	8.393780e-03
2.840471e+01	8.375909e-03
2.847519e+01	7.219444e-03
2.850555e+01	7.323782e-03
2.853593e+01	7.031420e-03
2.857619e+01	5.796645e-03
2.860629e+01	5.729184e-03
2.863672e+01	6.330615e-03
2.867721e+01	7.440495e-03
2.870764e+01	6.904676e-03
2.873783e+01	7.135181e-03
2.876812e+01	7.508597e-03
2.879829e+01	7.121064e-03
2.883864e+01	6.127581e-03
2.886880e+01	6.923530e-03
2.890902e+01	6.087831e-03
2.893938e+01	6.941606e-03
2.896958e+01	7.778918e-03
2.903983e+01	8.282725e-03
2.911038e+01	8.050324e-03
2.917087e+01	7.963300e-03
2.924141e+01	7.224575e-03
2.927185e+01	1.201565e-02
2.930251e+01	1.209598e-02
2.934241e+01	1.023881e-02
2.937266e+01	9.919160e-03
2.940293e+01	9.599461e-03
2.944316e+01	9.514398e-03
2.947345e+01	9.260287e-03
2.950391e+01	9.105567e-03
2.954410e+01	8.748413e-03
2.957447e+01	8.726831e-03
2.960473e+01	8.988555e-03
2.963494e+01	8.602494e-03
2.967530e+01	7.456240e-03
2.970557e+01	7.575692e-03
2.973606e+01	8.121654e-03
2.977634e+01	8.650472e-03
2.980660e+01	9.083277e-03
2.983685e+01	9.132552e-03
2.987712e+01	9.459421e-03
2.990739e+01	9.662820e-03
2.993768e+01	1.003432e-02
2.996775e+01	1.006844e-02
3.000805e+01	1.024065e-02
3.003850e+01	9.947154e-03
3.010902e+01	1.050108e-02
3.013924e+01	9.346581e-03
3.016937e+01	1.024001e-02
3.020966e+01	9.420840e-03
3.023993e+01	1.044563e-02
3.027020e+01	1.089989e-02
3.031050e+01	9.351105e-03
3.034078e+01	1.160909e-02
3.037097e+01	9.648137e-03
3.040129e+01	1.135871e-02
3.047154e+01	1.038346e-02
3.053202e+01	1.093243e-02
3.060253e+01	9.538766e-03
3.067306e+01	1.100579e-02
3.074366e+01	1.030946e-02
3.080418e+01	1.049722e-02
3.087471e+01	1.087630e-02
3.093516e+01	8.805766e-03
3.097556e+01	1.298652e-02
3.100619e+01	1.133478e-02
3.103624e+01	8.692378e-03
3.107636e+01	9.264673e-03
3.110670e+01	9.155407e-03
3.113690e+01	1.066836e-02
3.117729e+01	8.516878e-03
3.120728e+01	8.732566e-03
3.123766e+01	9.268113e-03
3.126790e+01	7.855976e-03
3.130809e+01	9.390098e-03
3.133856e+01	7.934349e-03
3.135909e+01	8.152064e-03
3.140957e+01	8.862237e-03
3.143965e+01	7.826607e-03
3.146994e+01	9.579815e-03
3.151018e+01	8.408071e-03
3.154049e+01	9.597517e-03
3.157064e+01	8.777408e-03
3.161085e+01	9.722169e-03
3.164117e+01	8.743865e-03
3.167145e+01	8.283432e-03
3.170168e+01	8.244830e-03
3.174200e+01	6.531557e-03
3.177336e+01	8.550621e-03
3.179367e+01	7.315928e-03
3.184380e+01	7.649362e-03
3.187429e+01	8.353823e-03
3.190437e+01	8.271583e-03
3.193454e+01	8.040490e-03
3.196526e+01	7.987214e-03
3.200569e+01	7.722805e-03
3.203658e+01	8.532078e-03
3.207631e+01	7.859826e-03
3.210669e+01	8.331470e-03
3.213709e+01	8.187969e-03
3.217729e+01	7.899626e-03
3.220751e+01	7.954360e-03
3.223783e+01	7.813554e-03
3.226808e+01	8.392548e-03
3.230839e+01	7.906464e-03
3.233864e+01	7.697194e-03
3.236867e+01	6.594166e-03
3.240911e+01	7.080980e-03
3.243924e+01	7.575004e-03
3.246949e+01	1.135972e-02
3.250979e+01	8.085219e-03
3.256994e+01	7.462941e-03
3.264050e+01	6.603780e-03
3.270100e+01	7.458891e-03
3.277163e+01	5.770953e-03
3.284220e+01	6.280037e-03
3.290269e+01	6.238017e-03
3.297316e+01	7.700855e-03
3.304390e+01	6.625855e-03
3.310433e+01	6.870873e-03
3.317483e+01	6.711505e-03
3.323533e+01	5.329606e-03
3.330587e+01	5.663684e-03
3.337638e+01	6.228681e-03
3.343684e+01	6.444449e-03
3.350740e+01	6.252099e-03
3.356787e+01	6.365972e-03
3.363886e+01	4.834179e-03
3.370939e+01	5.306581e-03
3.376989e+01	4.886407e-03
3.381043e+01	1.225483e-02
3.384115e+01	9.800751e-03
3.387106e+01	7.393248e-03
3.390134e+01	7.598833e-03
3.397164e+01	6.828656e-03
3.400194e+01	7.975830e-03
3.404242e+01	9.234670e-03
3.407259e+01	9.925137e-03
3.410302e+01	1.125101e-02
3.414315e+01	8.402617e-03
3.417347e+01	7.838440e-03
3.420370e+01	7.571807e-03
3.424383e+01	7.395981e-03
3.427442e+01	7.167158e-03
3.430446e+01	7.067517e-03
3.433478e+01	7.461031e-03
3.437489e+01	7.234537e-03
3.440526e+01	5.714258e-03
3.443562e+01	6.622351e-03
3.447574e+01	6.065549e-03
3.450600e+01	6.734857e-03
3.453628e+01	6.612049e-03
3.457650e+01	6.701320e-03
3.460688e+01	7.009899e-03
3.463718e+01	6.810776e-03
3.466738e+01	6.543253e-03
3.470771e+01	6.906224e-03
3.473786e+01	6.624843e-03
3.476808e+01	6.858698e-03
3.480830e+01	6.809059e-03
3.483865e+01	6.434641e-03
3.486888e+01	8.129865e-03
3.490921e+01	8.576887e-03
3.493989e+01	9.022918e-03
3.496974e+01	9.546427e-03
3.500994e+01	8.928992e-03
3.504035e+01	1.032426e-02
3.507071e+01	1.113900e-02
3.511108e+01	1.140346e-02
3.514109e+01	1.174792e-02
3.517261e+01	1.063416e-02
3.520228e+01	1.067937e-02
3.524257e+01	1.223530e-02
3.527292e+01	1.074879e-02
3.530315e+01	1.138379e-02
3.534341e+01	1.061777e-02
3.537359e+01	1.008330e-02
3.544380e+01	1.032544e-02
3.550442e+01	1.103682e-02
3.557501e+01	9.522603e-03
3.563557e+01	1.034284e-02
3.570612e+01	8.043259e-03
3.577658e+01	9.462329e-03
3.583705e+01	9.384392e-03
3.590761e+01	9.063963e-03
3.596811e+01	9.307243e-03
3.603857e+01	9.289931e-03
3.609902e+01	1.021399e-02
3.616958e+01	7.666170e-03
3.624010e+01	8.292006e-03
3.631059e+01	6.926330e-03
3.634103e+01	1.181604e-02
3.637176e+01	1.268851e-02
3.640184e+01	9.405852e-03
3.644199e+01	8.917279e-03
3.647210e+01	8.135788e-03
3.650233e+01	8.771196e-03
3.654269e+01	6.864518e-03
3.657288e+01	8.028027e-03
3.660318e+01	9.688406e-03
3.664348e+01	8.076085e-03
3.667375e+01	9.878771e-03
3.670405e+01	8.155614e-03
3.674431e+01	1.095500e-02
3.677485e+01	1.090613e-02
3.680506e+01	1.080397e-02
3.683533e+01	1.119549e-02
3.687560e+01	1.065585e-02
3.690558e+01	1.124674e-02
3.693604e+01	1.104446e-02
3.697632e+01	9.986940e-03
3.700654e+01	9.765190e-03
3.703676e+01	9.781490e-03
3.707698e+01	1.061053e-02
3.710729e+01	1.028722e-02
3.713753e+01	1.017577e-02
3.717774e+01	1.048530e-02
3.720796e+01	1.078485e-02
3.723836e+01	1.346435e-02
3.726887e+01	1.192252e-02
3.730883e+01	7.811571e-03
3.733897e+01	9.421832e-03
3.736923e+01	8.107599e-03
3.740948e+01	1.054534e-02
3.743974e+01	1.160912e-02
3.747004e+01	1.300329e-02
3.751026e+01	1.279323e-02
3.754054e+01	1.103280e-02
3.757070e+01	1.164226e-02
3.761103e+01	1.206855e-02
3.764131e+01	9.915382e-03
3.767137e+01	1.109476e-02
3.770169e+01	1.000856e-02
3.774180e+01	1.020676e-02
3.777217e+01	1.090601e-02
3.779229e+01	9.845742e-03
3.784283e+01	9.349784e-03
3.787312e+01	9.693386e-03
3.790343e+01	9.054982e-03
3.794359e+01	1.026378e-02
3.797394e+01	1.318754e-02
3.800429e+01	1.154238e-02
3.803448e+01	1.281175e-02
3.807480e+01	1.157865e-02
3.810501e+01	1.242892e-02
3.813529e+01	1.223598e-02
3.817540e+01	1.261117e-02
3.820579e+01	1.265737e-02
3.823621e+01	1.166206e-02
3.827625e+01	1.081664e-02
3.830658e+01	1.049043e-02
3.833677e+01	1.030359e-02
3.837692e+01	1.034856e-02
3.840726e+01	1.175562e-02
3.843747e+01	1.051979e-02
3.846779e+01	1.155206e-02
3.850803e+01	1.028922e-02
3.853876e+01	1.175004e-02
3.856859e+01	1.089082e-02
3.860878e+01	1.175909e-02
3.863911e+01	1.054268e-02
3.866920e+01	1.142933e-02
3.873207e+01	9.824358e-03
3.877228e+01	1.242503e-02
3.880256e+01	1.180989e-02
3.884285e+01	1.091901e-02
3.887309e+01	9.412776e-03
3.890331e+01	1.110911e-02
3.894358e+01	1.052000e-02
3.897386e+01	1.144919e-02
3.900408e+01	1.205331e-02
3.903438e+01	1.251942e-02
3.907462e+01	1.062170e-02
3.910483e+01	1.143085e-02
3.913514e+01	1.233869e-02
3.916588e+01	1.149145e-02
3.920608e+01	1.228158e-02
3.924437e+01	1.191227e-02
3.927204e+01	1.320970e-02
3.930225e+01	1.297256e-02
3.937319e+01	1.308235e-02
3.940349e+01	1.394332e-02
3.947389e+01	1.329412e-02
3.950468e+01	1.229816e-02
3.951909e+01	1.263365e-02
3.953537e+01	1.353199e-02
3.957567e+01	1.154719e-02
3.960591e+01	1.198192e-02
3.963605e+01	1.256482e-02
3.970443e+01	1.213722e-02
3.974278e+01	1.213730e-02
3.976127e+01	1.263012e-02
3.977960e+01	1.165736e-02
3.980790e+01	1.159530e-02
3.984631e+01	1.135238e-02
3.987470e+01	1.188336e-02
3.994327e+01	1.117975e-02
3.998182e+01	1.222248e-02
4.000037e+01	1.349774e-02
4.001894e+01	1.255027e-02
4.007510e+01	1.149420e-02
4.011364e+01	1.015350e-02
4.014220e+01	1.067004e-02
4.018054e+01	1.022324e-02
4.026242e+01	1.129041e-02
4.027579e+01	1.052295e-02
4.030310e+01	1.085593e-02
4.037295e+01	9.731737e-03
4.040323e+01	9.685573e-03
4.044357e+01	9.668241e-03
4.045567e+01	1.100190e-02
4.047389e+01	1.070742e-02
4.050411e+01	1.126665e-02
4.054436e+01	1.093136e-02
4.057459e+01	1.077375e-02
4.060486e+01	1.111486e-02
4.067512e+01	1.096256e-02
4.070542e+01	1.102795e-02
4.073556e+01	1.088160e-02
4.077578e+01	1.135703e-02
4.078900e+01	1.180118e-02
4.080610e+01	1.040534e-02
4.083641e+01	9.725300e-03
4.087662e+01	9.721838e-03
4.090688e+01	1.096853e-02
4.097751e+01	1.125718e-02
4.099075e+01	1.163267e-02
4.100795e+01	1.392006e-02
4.103850e+01	1.147998e-02
4.106848e+01	1.041997e-02
4.110854e+01	1.064237e-02
4.113898e+01	1.065046e-02
4.119913e+01	1.075530e-02
4.123955e+01	9.367174e-03
4.126979e+01	9.524698e-03
4.130997e+01	9.765114e-03
4.132245e+01	1.027365e-02
4.134049e+01	1.080687e-02
4.137075e+01	1.086993e-02
4.141100e+01	1.111484e-02
4.144123e+01	1.117604e-02
4.147146e+01	1.094926e-02
4.154205e+01	1.090797e-02
4.157225e+01	1.089621e-02
4.160230e+01	1.102574e-02
4.164269e+01	1.093165e-02
4.167282e+01	9.294076e-03
4.170313e+01	1.024190e-02
4.174335e+01	9.931114e-03
4.177368e+01	1.075879e-02
4.180387e+01	1.041938e-02
4.184422e+01	1.094753e-02
4.187441e+01	1.054806e-02
4.190473e+01	1.076259e-02
4.193492e+01	1.074509e-02
4.197524e+01	1.050860e-02
4.200549e+01	1.054308e-02
4.203577e+01	1.056839e-02
4.207598e+01	1.031774e-02
4.210639e+01	9.050371e-03
4.213660e+01	9.848109e-03
4.217683e+01	9.718600e-03
4.220711e+01	9.461470e-03
4.223732e+01	1.055147e-02
4.227773e+01	1.089208e-02
4.230797e+01	1.433218e-02
4.236841e+01	1.121958e-02
4.240842e+01	9.944674e-03
4.242023e+01	9.902553e-03
4.243870e+01	9.630607e-03
4.246904e+01	1.048664e-02
4.250925e+01	9.960708e-03
4.253956e+01	8.917914e-03
4.256963e+01	1.010654e-02
4.261020e+01	9.833279e-03
4.264023e+01	1.195119e-02
4.267054e+01	1.062692e-02
4.271084e+01	1.138479e-02
4.274111e+01	1.034680e-02
4.277113e+01	1.036764e-02
4.280154e+01	1.056665e-02
4.284179e+01	1.058957e-02
4.287213e+01	1.058357e-02
4.290235e+01	1.076933e-02
4.294262e+01	1.040946e-02
4.297281e+01	1.106379e-02
4.300304e+01	9.783761e-03
4.304336e+01	9.995237e-03
4.307383e+01	1.092586e-02
4.310384e+01	1.129517e-02
4.314430e+01	1.120911e-02
4.317448e+01	1.121483e-02
4.323486e+01	1.091797e-02
4.327517e+01	1.083609e-02
4.330546e+01	1.095653e-02
4.333555e+01	1.070989e-02
4.337593e+01	1.083474e-02
4.340620e+01	9.512928e-03
4.343645e+01	9.572225e-03
4.347693e+01	9.917605e-03
4.350738e+01	1.076608e-02
4.353754e+01	1.096909e-02
4.356781e+01	1.115552e-02
4.360794e+01	1.116033e-02
4.363832e+01	1.114501e-02
4.366839e+01	1.195130e-02
4.373885e+01	1.103116e-02
4.376912e+01	1.096720e-02
4.381054e+01	1.070430e-02
4.383969e+01	1.116899e-02
4.386997e+01	1.074536e-02
4.394035e+01	1.113658e-02
4.397065e+01	1.100465e-02
4.401096e+01	1.127767e-02
4.404104e+01	1.139037e-02
4.407141e+01	1.179635e-02
4.410166e+01	1.146990e-02
4.414259e+01	1.290897e-02
4.417241e+01	1.181668e-02
4.420279e+01	1.085851e-02
4.424300e+01	1.207940e-02
4.427326e+01	1.189611e-02
4.430341e+01	1.194139e-02
4.434375e+01	1.168578e-02
4.436458e+01	1.267800e-02
4.440500e+01	1.289909e-02
4.443515e+01	1.300091e-02
4.447555e+01	1.199858e-02
4.450598e+01	1.254543e-02
4.453622e+01	1.323961e-02
4.457652e+01	1.359027e-02
4.460663e+01	1.404373e-02
4.463702e+01	1.379365e-02
4.467732e+01	1.396132e-02
4.470760e+01	1.409622e-02
4.473801e+01	1.484686e-02
4.480826e+01	1.423446e-02
4.483860e+01	1.417186e-02
4.486897e+01	1.325445e-02
4.490926e+01	1.357338e-02
4.493947e+01	1.282438e-02
4.496985e+01	1.292129e-02
4.501001e+01	1.360139e-02
4.504021e+01	1.286807e-02
4.507047e+01	1.371516e-02
4.511071e+01	1.310452e-02
4.514135e+01	1.305890e-02
4.517132e+01	1.350975e-02
4.520175e+01	1.429318e-02
4.524188e+01	1.309358e-02
4.527203e+01	1.380216e-02
4.530200e+01	1.335640e-02
4.533244e+01	1.239453e-02
4.537264e+01	1.179697e-02
4.540275e+01	1.328221e-02
4.547313e+01	1.389315e-02
4.554351e+01	1.590054e-02
4.560407e+01	1.560666e-02
4.567458e+01	1.356317e-02
4.573495e+01	1.322997e-02
4.580553e+01	1.089772e-02
4.587620e+01	1.209160e-02
4.593667e+01	1.229887e-02
4.600728e+01	1.209002e-02
4.610803e+01	1.220811e-02
4.616843e+01	1.139430e-02
4.623893e+01	1.125424e-02
4.631062e+01	1.168359e-02
4.637111e+01	1.119124e-02
4.644178e+01	1.135037e-02
4.650215e+01	1.190615e-02
4.657264e+01	1.039866e-02
4.664309e+01	1.081429e-02
4.674376e+01	1.165753e-02
4.680417e+01	1.134465e-02
4.687467e+01	1.107352e-02
4.693510e+01	1.095890e-02
4.703569e+01	8.913036e-03
4.707595e+01	1.133728e-02
4.713642e+01	1.215087e-02
4.720677e+01	1.038766e-02
4.727721e+01	1.108728e-02
4.733779e+01	1.181265e-02
4.740831e+01	1.079713e-02
4.746879e+01	1.106568e-02
4.753942e+01	9.720748e-03
4.760985e+01	1.074923e-02
4.767037e+01	1.130022e-02
4.774087e+01	1.142387e-02
4.780137e+01	1.221209e-02
4.787189e+01	1.074382e-02
4.794240e+01	1.127574e-02
4.800284e+01	9.381482e-03
4.807333e+01	9.871625e-03
4.814397e+01	1.083003e-02
4.823457e+01	9.589577e-03
4.827509e+01	1.501033e-02
4.830563e+01	1.327603e-02
4.833562e+01	1.231852e-02
4.837581e+01	1.256746e-02
4.840601e+01	1.332177e-02
4.843623e+01	1.299444e-02
4.847661e+01	1.201083e-02
4.850669e+01	1.236969e-02
4.853703e+01	1.261084e-02
4.857734e+01	1.339288e-02
4.860763e+01	1.338943e-02
4.863787e+01	1.381788e-02
4.866812e+01	1.406772e-02
4.870824e+01	1.547829e-02
4.873873e+01	1.531352e-02
4.876906e+01	1.527746e-02
4.880937e+01	1.562298e-02
4.886972e+01	1.286709e-02
4.891002e+01	1.503412e-02
4.892788e+01	1.413138e-02
4.894399e+01	1.574236e-02
4.897062e+01	1.571321e-02
4.901098e+01	1.604501e-02
4.904122e+01	1.577134e-02
4.907151e+01	1.596169e-02
4.910179e+01	1.632864e-02
4.914194e+01	1.568619e-02
4.917232e+01	1.510544e-02
4.920248e+01	1.472576e-02
4.924277e+01	1.509609e-02
4.927301e+01	1.314720e-02
4.934370e+01	1.296386e-02
4.937379e+01	1.359477e-02
4.938931e+01	1.380056e-02
4.940499e+01	1.367960e-02
4.944425e+01	1.382965e-02
4.947445e+01	1.373596e-02
4.950463e+01	1.290906e-02
4.953495e+01	1.323872e-02
4.957523e+01	1.329545e-02
4.960554e+01	1.441765e-02
4.963573e+01	1.348043e-02
4.967599e+01	1.268473e-02
4.970632e+01	1.392579e-02
4.973662e+01	1.361101e-02
4.980701e+01	1.404725e-02
4.983727e+01	1.327824e-02
4.985244e+01	1.385988e-02
4.987810e+01	1.323074e-02
4.990783e+01	1.367802e-02
4.993806e+01	1.287346e-02
4.996828e+01	1.419640e-02
5.003884e+01	1.203876e-02
5.006923e+01	1.220372e-02
5.008413e+01	1.237463e-02
5.010965e+01	1.282557e-02
5.014003e+01	1.289551e-02
5.017026e+01	1.259630e-02
5.021058e+01	1.286065e-02
5.024080e+01	1.240380e-02
5.027109e+01	1.285153e-02
5.034196e+01	1.296006e-02
5.037151e+01	1.193866e-02
5.038567e+01	1.274681e-02
5.040190e+01	1.359071e-02
5.044205e+01	1.326985e-02
5.047242e+01	1.392567e-02
5.050269e+01	1.406726e-02
5.054292e+01	1.423075e-02
5.057318e+01	1.235910e-02
5.064361e+01	1.445780e-02
5.067379e+01	1.292595e-02
5.068912e+01	1.488851e-02
5.070603e+01	1.327328e-02
5.073452e+01	1.447933e-02
5.080496e+01	1.338750e-02
5.083526e+01	1.462427e-02
5.086554e+01	1.374079e-02
5.093601e+01	1.334482e-02
5.097651e+01	1.168431e-02
5.100679e+01	1.102626e-02
5.103696e+01	1.120919e-02
5.107731e+01	1.164153e-02
5.110760e+01	1.194442e-02
5.113788e+01	1.381850e-02
5.116803e+01	1.137480e-02
5.120822e+01	1.085360e-02
5.123837e+01	1.063344e-02
5.126858e+01	1.108245e-02
5.130885e+01	1.397201e-02
5.133910e+01	1.014172e-02
5.136932e+01	9.948628e-03
5.146964e+01	8.551807e-03
5.153001e+01	9.492008e-03
5.161055e+01	1.037186e-02
5.167097e+01	9.872809e-03
5.174154e+01	1.082329e-02
5.180202e+01	1.040972e-02
5.187258e+01	1.178840e-02
5.194307e+01	1.169979e-02
5.200357e+01	1.068553e-02
5.207418e+01	1.132998e-02
5.213474e+01	1.071555e-02
5.220524e+01	1.063152e-02
5.227582e+01	1.139880e-02
5.233626e+01	9.880162e-03
5.240688e+01	1.026382e-02
5.247864e+01	1.173505e-02
5.253838e+01	1.080017e-02
5.260891e+01	1.059407e-02
5.266942e+01	1.003703e-02
5.273989e+01	9.924972e-03
5.281045e+01	1.032028e-02
5.287082e+01	1.310235e-02
5.290175e+01	1.311797e-02
5.294207e+01	1.336478e-02
5.297232e+01	1.353889e-02
5.300240e+01	1.292057e-02
5.304285e+01	1.302369e-02
5.307313e+01	1.222916e-02
5.310324e+01	1.211249e-02
5.314353e+01	1.218452e-02
5.317373e+01	1.224846e-02
5.320431e+01	1.265852e-02
5.324454e+01	1.262599e-02
5.327498e+01	1.301398e-02
5.330490e+01	1.223050e-02
5.333518e+01	1.197471e-02
5.337543e+01	1.156846e-02
5.340539e+01	1.263935e-02
5.343580e+01	1.253720e-02
5.347615e+01	1.271984e-02
5.350674e+01	1.267316e-02
5.353674e+01	1.171644e-02
5.357715e+01	1.170356e-02
5.360729e+01	1.210389e-02
5.363749e+01	1.244962e-02
5.367786e+01	1.288337e-02
5.370811e+01	1.318705e-02
5.373847e+01	1.324718e-02
5.376869e+01	1.327438e-02
5.380898e+01	1.339298e-02
5.383913e+01	1.111259e-02
5.386968e+01	1.194347e-02
5.390979e+01	1.083273e-02
5.393992e+01	1.218864e-02
5.397030e+01	1.350958e-02
5.401057e+01	1.390131e-02
5.404078e+01	1.381969e-02
5.407103e+01	1.328603e-02
5.410123e+01	1.336506e-02
5.414161e+01	1.371088e-02
5.417182e+01	1.335362e-02
5.420211e+01	1.372443e-02
5.424232e+01	1.289222e-02
5.427261e+01	1.305588e-02
5.430282e+01	1.308136e-02
5.434314e+01	1.180231e-02
5.437340e+01	1.215460e-02
5.440367e+01	1.188897e-02
5.444389e+01	1.219116e-02
5.447425e+01	1.325382e-02
5.450465e+01	1.285886e-02
5.453502e+01	1.335473e-02
5.457536e+01	1.371297e-02
5.460558e+01	1.375333e-02
5.463572e+01	1.426407e-02
5.467609e+01	1.397606e-02
5.470630e+01	1.313628e-02
5.473654e+01	1.360258e-02
5.477695e+01	1.419840e-02
5.480726e+01	1.412360e-02
5.483741e+01	1.426006e-02
5.486772e+01	1.448328e-02
5.490784e+01	1.439183e-02
5.493816e+01	1.431010e-02
5.496847e+01	1.498551e-02
5.500875e+01	1.465514e-02
5.503946e+01	1.435809e-02
5.506925e+01	1.413686e-02
5.510948e+01	1.441735e-02
5.514086e+01	1.590330e-02
5.517048e+01	1.456095e-02
5.521080e+01	1.511935e-02
5.524100e+01	1.488242e-02
5.527134e+01	1.457997e-02
5.530146e+01	1.423930e-02
5.534189e+01	1.396496e-02
5.537208e+01	1.484740e-02
5.540234e+01	1.451183e-02
5.544236e+01	1.416915e-02
5.547259e+01	1.435105e-02
5.550283e+01	1.427309e-02
5.554318e+01	1.318760e-02
5.557345e+01	1.359715e-02
5.560368e+01	1.427010e-02
5.564399e+01	1.440053e-02
5.567444e+01	1.487918e-02
5.570454e+01	1.452372e-02
5.573509e+01	1.441413e-02
5.577537e+01	1.390382e-02
5.579554e+01	1.296954e-02
5.583568e+01	1.381274e-02
5.587604e+01	1.243336e-02
5.590624e+01	1.058125e-02
5.592646e+01	1.275424e-02
5.597679e+01	1.108952e-02
5.600703e+01	1.148137e-02
5.603725e+01	1.219809e-02
5.607758e+01	1.115666e-02
5.610788e+01	1.198777e-02
5.613801e+01	1.223913e-02
5.616825e+01	1.435302e-02
5.620864e+01	1.362459e-02
5.623884e+01	1.373808e-02
5.626910e+01	1.459472e-02
5.630935e+01	1.373316e-02
5.633956e+01	1.414977e-02
5.636983e+01	1.374333e-02
5.641015e+01	1.418245e-02
5.644035e+01	1.313898e-02
5.647058e+01	1.344357e-02
5.651131e+01	1.347923e-02
5.654162e+01	1.348233e-02
5.657194e+01	1.458368e-02
5.660211e+01	1.297669e-02
5.664236e+01	1.307714e-02
5.667261e+01	1.287206e-02
5.670286e+01	1.276709e-02
5.674322e+01	1.169195e-02
5.677346e+01	1.173655e-02
5.680384e+01	1.109436e-02
5.684394e+01	1.163399e-02
5.687431e+01	1.121214e-02
5.690449e+01	1.166284e-02
5.693475e+01	1.183380e-02
5.697512e+01	1.196243e-02
5.700537e+01	1.243168e-02
5.703555e+01	1.254224e-02
5.707590e+01	1.278349e-02
5.710625e+01	1.254416e-02
5.713632e+01	1.127005e-02
5.717666e+01	1.189801e-02
5.720699e+01	1.220005e-02
5.723722e+01	1.281242e-02
5.727756e+01	1.309416e-02
5.730778e+01	1.354701e-02
5.733806e+01	1.371574e-02
5.736830e+01	1.360920e-02
5.740885e+01	1.334187e-02
5.743900e+01	1.486004e-02
5.746934e+01	1.549116e-02
5.750929e+01	1.523708e-02
5.753951e+01	1.417408e-02
5.756977e+01	1.259071e-02
5.761012e+01	1.451386e-02
5.764042e+01	1.313659e-02
5.767063e+01	1.350023e-02
5.771091e+01	1.368607e-02
5.774118e+01	1.462924e-02
5.777140e+01	1.381230e-02
5.780166e+01	1.381152e-02
5.784192e+01	1.363053e-02
5.787227e+01	1.274664e-02
5.790246e+01	1.304578e-02
5.794271e+01	1.331989e-02
5.797301e+01	1.440958e-02
5.800329e+01	1.358864e-02
5.804351e+01	1.336167e-02
5.807376e+01	1.302235e-02
5.810402e+01	1.310075e-02
5.814447e+01	1.329948e-02
5.820471e+01	1.275165e-02
5.823496e+01	1.363181e-02
5.827527e+01	1.353986e-02
5.830557e+01	1.236852e-02
5.833557e+01	1.348329e-02
5.837600e+01	1.398255e-02
5.840620e+01	1.433409e-02
5.843639e+01	1.403992e-02
5.847664e+01	1.406750e-02
5.850698e+01	1.384359e-02
5.853725e+01	1.385373e-02
5.857752e+01	1.386439e-02
5.860774e+01	1.215296e-02
5.863815e+01	1.301702e-02
5.866843e+01	1.309691e-02
5.870852e+01	1.241046e-02
5.873861e+01	1.178888e-02
5.876901e+01	1.114973e-02
5.880921e+01	1.147518e-02
5.883952e+01	1.192990e-02
5.886981e+01	1.069977e-02
5.891005e+01	1.113108e-02
5.894027e+01	1.350624e-02
5.901080e+01	1.371256e-02
5.904080e+01	1.336095e-02
5.907104e+01	1.321719e-02
5.910125e+01	1.316933e-02
5.914395e+01	1.334775e-02
5.916408e+01	1.276596e-02
5.920442e+01	1.117005e-02
5.923465e+01	1.110082e-02
5.927493e+01	1.068162e-02
5.930508e+01	1.078791e-02
5.933539e+01	1.084072e-02
5.937559e+01	1.318492e-02
5.940587e+01	1.051505e-02
5.943613e+01	1.053708e-02
5.947642e+01	9.930859e-03
5.950661e+01	1.055229e-02
5.953682e+01	1.053102e-02
5.960733e+01	1.138653e-02
5.963759e+01	1.121507e-02
5.966798e+01	1.102457e-02
5.970832e+01	1.161308e-02
5.973856e+01	1.139911e-02
5.976883e+01	1.141675e-02
5.980913e+01	1.202659e-02
5.983938e+01	1.144109e-02
5.986961e+01	1.089877e-02
5.990994e+01	1.137162e-02
5.994008e+01	1.131386e-02
5.997044e+01	1.147592e-02
6.001070e+01	1.220185e-02
6.004097e+01	1.221234e-02
6.007129e+01	1.251019e-02
6.010161e+01	1.232247e-02
6.014192e+01	1.254447e-02
6.017218e+01	1.207212e-02
6.020244e+01	1.216908e-02
6.024267e+01	1.177866e-02
6.027294e+01	1.007302e-02
6.030315e+01	9.828904e-03
6.034348e+01	1.051219e-02
6.037376e+01	1.067709e-02
6.040395e+01	1.103237e-02
6.044439e+01	1.317359e-02
6.047468e+01	1.315234e-02
6.050489e+01	1.285712e-02
6.053525e+01	1.285436e-02
6.057553e+01	1.265256e-02
6.060581e+01	1.345731e-02
6.063602e+01	1.291927e-02
6.066646e+01	1.159911e-02
6.070681e+01	1.204631e-02
6.073689e+01	1.181732e-02
6.077735e+01	1.238073e-02
6.080756e+01	1.328772e-02
6.083782e+01	1.251140e-02
6.086808e+01	1.231324e-02
6.090836e+01	1.284574e-02
6.093852e+01	1.346010e-02
6.096879e+01	1.215347e-02
6.100906e+01	9.851037e-03
6.103932e+01	1.231751e-02
6.106954e+01	1.164496e-02
6.110987e+01	1.247359e-02
6.114000e+01	1.268651e-02
6.117067e+01	5.920147e-03
6.121071e+01	1.238254e-02
6.124121e+01	1.179782e-02
6.127150e+01	1.194149e-02
6.130159e+01	1.127331e-02
6.134183e+01	1.171030e-02
6.137215e+01	1.221832e-02
6.140248e+01	1.116768e-02
6.144280e+01	1.174693e-02
6.147305e+01	1.231403e-02
6.150329e+01	1.290897e-02
6.154355e+01	1.366173e-02
6.157371e+01	1.371452e-02
6.160387e+01	1.446356e-02
6.164415e+01	1.427796e-02
6.167434e+01	1.344825e-02
6.170459e+01	1.286682e-02
6.173483e+01	1.250622e-02
6.177530e+01	1.428097e-02
6.180552e+01	1.308717e-02
6.187591e+01	1.212547e-02
6.190619e+01	1.245009e-02
6.193630e+01	1.282428e-02
6.197669e+01	1.309230e-02
6.200693e+01	1.302748e-02
6.203712e+01	1.406950e-02
6.207742e+01	1.385660e-02
6.210766e+01	1.406747e-02
6.213790e+01	1.412530e-02
6.216800e+01	1.388925e-02
6.220831e+01	1.370582e-02
6.223849e+01	1.399004e-02
6.226876e+01	1.409695e-02
6.230897e+01	1.282246e-02
6.233911e+01	1.406688e-02
6.236939e+01	1.378350e-02
6.240964e+01	1.399708e-02
6.243982e+01	1.404840e-02
6.247016e+01	1.403494e-02
6.251040e+01	1.442327e-02
6.254064e+01	1.369311e-02
6.257088e+01	1.387500e-02
6.261119e+01	1.440595e-02
6.264133e+01	1.407940e-02
6.267165e+01	1.408998e-02
6.270184e+01	1.349192e-02
6.274216e+01	1.363530e-02
6.277235e+01	1.264955e-02
6.280260e+01	1.341500e-02
6.284284e+01	1.347394e-02
6.287311e+01	1.330994e-02
6.290334e+01	1.375812e-02
6.294359e+01	1.378698e-02
6.297380e+01	1.389829e-02
6.300404e+01	1.395086e-02
6.304427e+01	1.420796e-02
6.307450e+01	1.394221e-02
6.310472e+01	1.500341e-02
6.313491e+01	1.500153e-02
6.317529e+01	1.557400e-02
6.320555e+01	1.414793e-02
6.323568e+01	1.509729e-02
6.327616e+01	1.403834e-02
6.330640e+01	1.413827e-02
6.337692e+01	1.312822e-02
6.340715e+01	1.297030e-02
6.343736e+01	1.463205e-02
6.347772e+01	1.305056e-02
6.350792e+01	1.310479e-02
6.353817e+01	1.337265e-02
6.360863e+01	1.317911e-02
6.363880e+01	1.320646e-02
6.365413e+01	1.311963e-02
6.366920e+01	1.473006e-02
6.370949e+01	1.189130e-02
6.373967e+01	1.247953e-02
6.377000e+01	1.260166e-02
6.384032e+01	1.455122e-02
6.387064e+01	1.233016e-02
6.388484e+01	1.216720e-02
6.391102e+01	1.232079e-02
6.394117e+01	1.267015e-02
6.397146e+01	1.286470e-02
6.400172e+01	1.283798e-02
6.404196e+01	1.094371e-02
6.407270e+01	1.373442e-02
6.413260e+01	1.225150e-02
6.417282e+01	1.228306e-02
6.418750e+01	1.304781e-02
6.420320e+01	1.302575e-02
6.424344e+01	1.312025e-02
6.427374e+01	1.312447e-02
6.430403e+01	1.339160e-02
6.437432e+01	1.315494e-02
6.440462e+01	1.312718e-02
6.441969e+01	1.381328e-02
6.443598e+01	1.208201e-02
6.447514e+01	1.072577e-02
6.450532e+01	1.022827e-02
6.453558e+01	1.027494e-02
6.457591e+01	1.047868e-02
6.460613e+01	1.049825e-02
6.462628e+01	1.155881e-02
6.467663e+01	1.141511e-02
6.470689e+01	1.073170e-02
6.473704e+01	1.119594e-02
6.477758e+01	9.892339e-03
6.480782e+01	9.490882e-03
6.483808e+01	1.206551e-02
6.486832e+01	8.765087e-03
6.490864e+01	7.680273e-03
6.493887e+01	7.840039e-03
6.496916e+01	8.662895e-03
6.500939e+01	8.201111e-03
6.503962e+01	8.778851e-03
6.506987e+01	8.914974e-03
6.514031e+01	9.064552e-03
6.517048e+01	9.234557e-03
6.518146e+01	8.946384e-03
6.521094e+01	9.256342e-03
6.524111e+01	8.948796e-03
6.527139e+01	9.425085e-03
6.530161e+01	9.447330e-03
6.537199e+01	8.440572e-03
6.540227e+01	1.101230e-02
6.541619e+01	9.756531e-03
6.544263e+01	1.165325e-02
6.547278e+01	8.695574e-03
6.550305e+01	9.288871e-03
6.554312e+01	8.943529e-03
6.557344e+01	9.629425e-03
6.560366e+01	9.963297e-03
6.567416e+01	9.667117e-03
6.570436e+01	9.247987e-03
6.571526e+01	8.915534e-03
6.573470e+01	9.165440e-03
6.577500e+01	9.102055e-03
6.580505e+01	9.136597e-03
6.583554e+01	8.794868e-03
6.587582e+01	7.785596e-03
6.590612e+01	8.162906e-03
6.593625e+01	8.764174e-03
6.597663e+01	9.232034e-03
6.600689e+01	9.034364e-03
6.603712e+01	9.541169e-03
6.607747e+01	9.108976e-03
6.610774e+01	9.469402e-03
6.613806e+01	9.489132e-03
6.616827e+01	9.400017e-03
6.620854e+01	7.797488e-03
6.623875e+01	9.050352e-03
6.629919e+01	8.469394e-03
6.633950e+01	8.614794e-03
6.636974e+01	8.970131e-03
6.641010e+01	9.238008e-03
6.643025e+01	9.222074e-03
6.647061e+01	9.202871e-03
6.651078e+01	9.172106e-03
6.654114e+01	9.291753e-03
6.656132e+01	9.352720e-03
6.664179e+01	9.432196e-03
6.667204e+01	7.834960e-03
6.668297e+01	9.109151e-03
6.670241e+01	8.332783e-03
6.674263e+01	8.516756e-03
6.677296e+01	8.787286e-03
6.680320e+01	9.198200e-03
6.687355e+01	9.430677e-03
6.690392e+01	9.510517e-03
6.694493e+01	9.272383e-03
6.696522e+01	7.893078e-03
6.700552e+01	9.281112e-03
6.703559e+01	9.947788e-03
6.707600e+01	9.679739e-03
6.710619e+01	9.375169e-03
6.713641e+01	1.035779e-02
6.717931e+01	9.576273e-03
6.720939e+01	1.003347e-02
6.723952e+01	9.563915e-03
6.726989e+01	8.739991e-03
6.731015e+01	1.041324e-02
6.737043e+01	9.715617e-03
6.744094e+01	9.573629e-03
6.750128e+01	9.513455e-03
6.757182e+01	1.018221e-02
6.764226e+01	8.067215e-03
6.770279e+01	9.114784e-03
6.777324e+01	9.342523e-03
6.784392e+01	9.084028e-03
6.790443e+01	9.377521e-03
6.797490e+01	8.310495e-03
6.803540e+01	8.837162e-03
6.810590e+01	8.705226e-03
6.817634e+01	8.647529e-03
6.823682e+01	1.000600e-02
6.830742e+01	8.665367e-03
6.836793e+01	9.309197e-03
6.843871e+01	8.417345e-03
6.850911e+01	8.809428e-03
6.856952e+01	8.404997e-03
6.864030e+01	9.348456e-03
6.871057e+01	1.013448e-02
6.877106e+01	9.254045e-03
6.885207e+01	1.056520e-02
6.890208e+01	9.255562e-03
6.897256e+01	9.976886e-03
6.904304e+01	8.443628e-03
6.910352e+01	9.752137e-03
6.917401e+01	1.040135e-02
6.920455e+01	1.001334e-02
6.923508e+01	1.046048e-02
6.927536e+01	1.091612e-02
6.933562e+01	1.041748e-02
6.937586e+01	1.011204e-02
6.938800e+01	1.000646e-02
6.940615e+01	1.045434e-02
6.942630e+01	8.977458e-03
6.947664e+01	9.829135e-03
6.950675e+01	9.354081e-03
6.953705e+01	9.474644e-03
6.957738e+01	1.022161e-02
6.960763e+01	9.650340e-03
6.963782e+01	1.035789e-02
6.966805e+01	1.013856e-02
6.970834e+01	9.972222e-03
6.973855e+01	1.291414e-02
6.976923e+01	1.282521e-02
6.980954e+01	1.417972e-02
6.984009e+01	1.036169e-02
6.990998e+01	9.415121e-03
6.997036e+01	9.728228e-03
7.004090e+01	1.041178e-02
7.010134e+01	1.084394e-02
7.017187e+01	1.060741e-02
7.020234e+01	1.214749e-02
7.024273e+01	1.260977e-02
7.027298e+01	1.252411e-02
7.030315e+01	1.144082e-02
7.037356e+01	1.198939e-02
7.038857e+01	1.230428e-02
7.040413e+01	1.285783e-02
7.044491e+01	1.264334e-02
7.047438e+01	1.219377e-02
7.050465e+01	1.212872e-02
7.053491e+01	1.247192e-02
7.057512e+01	1.255004e-02
7.060533e+01	1.246345e-02
7.063553e+01	1.301543e-02
7.067585e+01	1.309534e-02
7.070607e+01	1.184334e-02
7.073623e+01	1.090461e-02
7.077651e+01	1.089069e-02
7.080665e+01	1.123448e-02
7.087708e+01	1.205915e-02
7.090729e+01	1.254045e-02
7.092217e+01	1.295215e-02
7.093759e+01	1.294054e-02
7.096784e+01	1.319461e-02
7.100804e+01	1.263912e-02
7.103830e+01	1.313771e-02
7.110873e+01	1.274921e-02
7.114045e+01	1.408281e-02
7.116922e+01	1.167314e-02
7.120955e+01	1.190000e-02
7.122362e+01	1.268727e-02
7.123982e+01	1.269133e-02
7.127006e+01	1.263519e-02
7.131037e+01	1.346577e-02
7.134064e+01	1.334149e-02
7.137086e+01	1.287925e-02
7.140112e+01	1.293857e-02
7.143137e+01	1.310717e-02
7.147165e+01	1.298356e-02
7.150191e+01	1.346028e-02
7.154217e+01	1.285709e-02
7.157248e+01	1.318058e-02
7.164273e+01	1.199235e-02
7.167323e+01	1.216287e-02
7.168838e+01	1.282781e-02
7.170355e+01	1.263697e-02
7.174382e+01	1.151721e-02
7.177414e+01	1.238221e-02
7.180442e+01	1.176026e-02
7.183470e+01	1.137993e-02
7.190509e+01	1.069790e-02
7.191803e+01	1.095600e-02
7.193538e+01	1.041671e-02
7.197572e+01	1.093145e-02
7.200612e+01	1.282900e-02
7.203641e+01	1.224924e-02
7.207647e+01	1.114071e-02
7.210667e+01	1.312999e-02
7.220700e+01	1.225299e-02
7.223724e+01	1.277327e-02
7.230782e+01	1.233583e-02
7.236823e+01	1.252721e-02
7.243869e+01	1.244711e-02
7.253945e+01	1.139528e-02
7.261001e+01	1.188859e-02
7.267054e+01	1.201231e-02
7.274102e+01	1.277420e-02
7.277135e+01	1.277448e-02
7.284187e+01	1.245350e-02
7.290243e+01	1.196670e-02
7.300289e+01	1.090603e-02
7.305560e+01	1.245411e-02
7.310373e+01	1.197095e-02
7.317424e+01	1.242238e-02
7.327496e+01	1.367461e-02
7.333559e+01	1.200475e-02
7.340607e+01	1.176586e-02
7.347662e+01	1.075756e-02
7.353710e+01	1.128604e-02
7.360768e+01	1.140037e-02
7.366809e+01	1.265775e-02
7.373869e+01	1.159015e-02
7.376916e+01	1.209554e-02
7.380943e+01	1.021303e-02
7.383970e+01	1.044841e-02
7.387001e+01	1.021156e-02
7.391028e+01	9.740183e-03
7.394051e+01	8.931351e-03
7.397075e+01	8.899643e-03
7.401105e+01	9.497073e-03
7.404128e+01	9.309816e-03
7.407147e+01	9.642033e-03
7.410174e+01	9.350309e-03
7.414219e+01	1.049837e-02
7.417230e+01	9.446712e-03
7.420259e+01	9.385184e-03
7.424289e+01	8.309844e-03
7.427317e+01	8.445115e-03
7.430345e+01	8.762809e-03
7.434373e+01	9.027771e-03
7.437393e+01	8.937601e-03
7.440414e+01	8.936675e-03
7.443435e+01	8.960222e-03
7.447469e+01	8.776487e-03
7.450490e+01	8.678272e-03
7.453513e+01	8.460853e-03
7.457535e+01	7.666963e-03
7.460558e+01	1.338903e-02
7.463622e+01	1.233505e-02
7.467633e+01	1.242094e-02
7.470652e+01	1.103967e-02
7.473663e+01	1.156787e-02
7.480705e+01	1.117175e-02
7.483731e+01	1.147545e-02
7.487754e+01	1.170074e-02
7.490787e+01	1.174038e-02
7.493799e+01	9.706218e-03
7.496823e+01	9.716970e-03
7.500847e+01	9.118988e-03
7.501961e+01	1.032572e-02
7.503875e+01	9.786254e-03
7.506899e+01	8.127078e-03
7.510926e+01	7.921792e-03
7.513947e+01	9.127664e-03
7.516983e+01	8.301343e-03
7.524019e+01	8.511562e-03
7.527030e+01	9.516798e-03
7.531064e+01	9.453950e-03
7.532197e+01	8.330143e-03
7.534098e+01	8.587042e-03
7.537119e+01	8.827602e-03
7.540147e+01	1.208061e-02
7.547185e+01	1.197575e-02
7.550205e+01	1.163862e-02
7.554237e+01	1.053908e-02
7.555597e+01	1.128043e-02
7.557268e+01	1.071972e-02
7.560291e+01	1.062202e-02
7.564318e+01	1.105025e-02
7.567343e+01	1.101435e-02
7.570362e+01	1.048293e-02
7.574390e+01	1.026545e-02
7.577407e+01	1.093530e-02
7.580430e+01	1.098307e-02
7.583458e+01	1.115172e-02
7.587487e+01	1.091642e-02
7.590510e+01	1.036068e-02
7.593527e+01	9.446628e-03
7.600551e+01	8.362224e-03
7.603580e+01	8.673989e-03
7.607592e+01	8.628511e-03
7.608690e+01	8.887355e-03
7.610627e+01	8.834287e-03
7.613658e+01	1.012868e-02
7.617678e+01	9.375987e-03
7.620707e+01	9.910250e-03
7.623732e+01	9.343650e-03
7.627763e+01	9.361773e-03
7.630794e+01	8.655872e-03
7.633819e+01	9.086726e-03
7.636845e+01	8.384070e-03
7.640871e+01	7.538965e-03
7.643891e+01	7.787740e-03
7.646912e+01	7.573084e-03
7.653955e+01	7.689838e-03
7.656984e+01	8.717514e-03
7.661012e+01	8.464188e-03
7.662038e+01	8.945401e-03
7.664047e+01	8.655386e-03
7.667076e+01	9.161350e-03
7.671103e+01	8.852176e-03
7.674136e+01	9.530652e-03
7.677151e+01	9.211103e-03
7.680172e+01	9.273446e-03
7.687209e+01	8.733681e-03
7.690240e+01	9.092813e-03
7.694261e+01	9.298001e-03
7.697287e+01	9.381683e-03
7.700308e+01	9.910683e-03
7.704339e+01	9.553643e-03
7.707361e+01	9.332603e-03
7.710391e+01	9.670749e-03
7.714414e+01	9.448483e-03
7.717440e+01	1.014450e-02
7.720465e+01	9.161241e-03
7.723493e+01	9.179062e-03
7.727508e+01	8.785863e-03
7.730541e+01	9.211311e-03
7.737576e+01	7.660585e-03
7.740606e+01	7.724302e-03
7.743617e+01	7.730274e-03
7.747652e+01	8.519553e-03
7.750670e+01	9.288710e-03
7.753700e+01	8.983351e-03
7.757732e+01	9.051800e-03
7.760749e+01	9.282583e-03
7.763777e+01	1.017473e-02
7.766795e+01	1.083598e-02
7.770842e+01	1.075667e-02
7.773867e+01	1.062993e-02
7.776890e+01	9.344839e-03
7.780917e+01	9.095913e-03
7.783941e+01	8.740849e-03
7.786965e+01	9.714792e-03
7.790993e+01	1.001051e-02
7.794018e+01	9.868286e-03
7.797043e+01	9.465835e-03
7.801075e+01	1.008325e-02
7.804096e+01	9.641569e-03
7.807124e+01	9.720899e-03
7.810146e+01	1.033854e-02
7.814181e+01	1.034269e-02
7.817200e+01	1.054199e-02
7.820228e+01	9.956784e-03
7.824256e+01	9.485933e-03
7.827283e+01	9.967616e-03
7.830301e+01	1.008012e-02
7.833330e+01	1.121636e-02
7.840366e+01	1.165441e-02
7.844391e+01	1.162862e-02
7.850418e+01	1.200516e-02
7.853451e+01	1.203249e-02
7.857484e+01	1.210875e-02
7.860504e+01	1.222798e-02
7.863530e+01	1.240354e-02
7.867559e+01	1.177965e-02
7.870614e+01	1.064790e-02
7.873613e+01	9.996462e-03
7.877634e+01	1.081587e-02
7.880657e+01	9.626397e-03
7.883680e+01	1.004583e-02
7.887699e+01	1.043856e-02
7.890729e+01	1.014979e-02
7.893746e+01	1.068048e-02
7.896775e+01	9.986818e-03
7.900815e+01	9.793272e-03
7.906857e+01	1.085511e-02
7.910893e+01	9.830339e-03
7.913915e+01	1.237064e-02
7.916131e+01	1.242016e-02
7.920149e+01	1.154579e-02
7.924183e+01	1.075417e-02
7.927204e+01	1.084432e-02
7.930241e+01	1.016516e-02
7.934253e+01	9.021192e-03
7.937276e+01	7.716501e-03
7.940300e+01	8.000344e-03
7.944328e+01	9.149891e-03
7.947348e+01	8.705129e-03
7.950373e+01	1.325781e-02
7.954439e+01	1.054364e-02
7.960432e+01	9.603040e-03
7.967480e+01	9.774937e-03
7.973522e+01	1.010216e-02
7.980556e+01	8.282750e-03
7.987605e+01	1.103064e-02
7.993667e+01	1.169656e-02
7.997727e+01	1.126763e-02
8.000744e+01	1.119631e-02
8.003768e+01	9.871709e-03
8.006777e+01	1.029115e-02
8.010811e+01	1.049847e-02
8.013832e+01	1.171756e-02
8.016906e+01	1.170371e-02
8.020895e+01	1.135219e-02
8.023924e+01	1.029761e-02
8.026938e+01	9.593131e-03
8.030964e+01	8.944642e-03
8.033981e+01	9.578024e-03
8.037009e+01	9.587186e-03
8.041035e+01	8.944753e-03
8.044056e+01	9.908396e-03
8.047077e+01	9.549096e-03
8.050100e+01	9.412136e-03
8.054122e+01	9.384014e-03
8.057150e+01	9.544085e-03
8.060169e+01	9.803393e-03
8.064201e+01	1.025708e-02
8.067225e+01	1.148313e-02
8.070252e+01	1.057342e-02
8.074276e+01	1.085544e-02
8.077294e+01	1.054170e-02
8.080311e+01	9.034779e-03
8.084335e+01	9.756640e-03
8.087352e+01	9.868988e-03
8.090383e+01	9.818624e-03
8.094406e+01	9.681439e-03
8.096433e+01	9.780450e-03
8.100464e+01	9.797491e-03
8.103487e+01	1.041201e-02
8.107506e+01	9.997560e-03
8.110537e+01	9.443147e-03
8.113555e+01	8.997510e-03
8.120604e+01	8.863443e-03
8.123625e+01	9.824741e-03
8.127653e+01	9.797921e-03
8.130679e+01	1.017493e-02
8.133705e+01	1.135475e-02
8.137735e+01	1.097724e-02
8.140764e+01	1.077449e-02
8.143777e+01	8.793523e-03
8.146798e+01	8.479314e-03
8.150813e+01	9.069984e-03
8.153836e+01	8.849171e-03
8.156862e+01	9.238438e-03
8.160890e+01	8.629277e-03
8.163916e+01	9.475758e-03
8.166949e+01	9.261886e-03
8.170969e+01	8.837890e-03
8.173988e+01	1.200535e-02
8.177048e+01	1.141510e-02
8.181058e+01	1.137103e-02
8.184077e+01	1.092899e-02
8.187129e+01	9.247224e-03
8.190124e+01	1.078687e-02
8.194157e+01	1.029642e-02
8.197173e+01	1.113828e-02
8.200192e+01	1.029384e-02
8.204217e+01	9.368632e-03
8.207230e+01	9.577312e-03
8.210259e+01	9.808115e-03
8.214293e+01	1.013148e-02
8.217311e+01	1.051753e-02
8.220342e+01	1.101548e-02
8.224369e+01	1.051960e-02
8.227398e+01	1.077982e-02
8.230421e+01	1.042946e-02
8.233443e+01	1.088925e-02
8.237468e+01	1.059817e-02
8.240498e+01	1.103443e-02
8.243526e+01	1.076210e-02
8.250567e+01	1.127137e-02
8.253596e+01	1.136597e-02
8.257627e+01	9.460736e-03
8.260653e+01	1.033264e-02
8.263679e+01	1.036327e-02
8.267698e+01	1.141971e-02
8.270727e+01	1.107594e-02
8.273750e+01	1.172974e-02
8.276778e+01	1.107650e-02
8.280796e+01	1.106091e-02
8.283823e+01	1.083760e-02
8.286846e+01	1.100649e-02
8.290877e+01	1.066170e-02
8.293897e+01	1.141299e-02
8.296926e+01	1.033895e-02
8.300956e+01	1.180050e-02
8.303981e+01	1.097190e-02
8.307007e+01	1.184337e-02
8.311038e+01	1.152194e-02
8.314063e+01	1.239482e-02
8.316472e+01	1.135970e-02
8.320492e+01	1.183080e-02
8.323523e+01	1.169354e-02
8.327538e+01	1.129194e-02
8.330566e+01	1.126609e-02
8.333588e+01	1.141143e-02
8.337624e+01	9.495190e-03
8.340645e+01	9.486316e-03
8.343675e+01	1.114766e-02
8.347704e+01	9.719806e-03
8.350732e+01	1.233212e-02
8.353757e+01	1.140385e-02
8.356783e+01	1.085072e-02
8.360809e+01	1.095052e-02
8.363833e+01	9.973755e-03
8.366843e+01	1.072490e-02
8.370888e+01	8.679181e-03
8.375924e+01	1.018215e-02
8.380964e+01	9.600922e-03
8.383987e+01	1.063573e-02
8.387014e+01	1.018436e-02
8.391040e+01	1.068056e-02
8.394067e+01	9.650741e-03
8.397093e+01	1.004404e-02
8.400117e+01	1.003138e-02
8.404145e+01	1.021631e-02
8.407176e+01	1.030320e-02
8.410197e+01	1.110004e-02
8.414232e+01	1.095728e-02
8.417260e+01	1.232741e-02
8.420298e+01	1.037039e-02
8.424324e+01	1.046706e-02
8.427356e+01	1.035537e-02
8.430374e+01	1.170953e-02
8.434412e+01	1.093629e-02
8.437424e+01	9.856933e-03
8.439442e+01	1.066534e-02
8.443469e+01	9.845485e-03
8.447490e+01	9.722303e-03
8.450510e+01	9.700959e-03
8.453538e+01	8.358824e-03
8.457566e+01	8.689366e-03
8.460586e+01	9.128957e-03
8.463745e+01	1.026755e-02
8.467654e+01	9.367103e-03
8.470675e+01	9.611066e-03
8.473706e+01	1.044595e-02
8.477736e+01	1.145132e-02
8.480767e+01	1.038114e-02
8.483793e+01	1.087500e-02
8.486797e+01	9.925087e-03
8.490823e+01	1.083492e-02
8.493840e+01	1.010795e-02
8.496867e+01	1.092134e-02
8.503905e+01	9.828193e-03
8.505089e+01	1.028765e-02
8.506928e+01	9.422022e-03
8.510953e+01	9.611360e-03
8.513973e+01	8.760943e-03
8.516996e+01	9.899467e-03
8.521025e+01	8.981197e-03
8.524048e+01	8.910837e-03
8.527070e+01	9.656460e-03
8.531093e+01	1.026567e-02
8.534122e+01	9.408731e-03
8.537142e+01	9.948388e-03
8.540167e+01	1.008316e-02
8.544192e+01	9.053346e-03
8.547209e+01	1.078522e-02
8.550224e+01	9.529507e-03
8.553525e+01	1.035007e-02
8.557572e+01	1.005129e-02
8.560608e+01	8.428537e-03
8.563632e+01	1.030266e-02
8.567663e+01	9.511531e-03
8.570689e+01	1.079827e-02
8.573716e+01	1.004072e-02
8.577741e+01	9.900051e-03
8.580762e+01	1.065328e-02
8.583786e+01	1.018869e-02
8.586811e+01	1.105825e-02
8.590834e+01	1.087812e-02
8.593862e+01	1.148040e-02
8.596881e+01	1.102368e-02
8.600904e+01	1.064105e-02
8.603927e+01	1.175686e-02
8.606944e+01	1.122088e-02
8.610985e+01	1.128604e-02
8.614015e+01	1.173705e-02
8.617036e+01	1.062263e-02
8.621068e+01	1.150210e-02
8.624089e+01	1.099858e-02
8.627106e+01	1.072062e-02
8.630129e+01	9.853012e-03
8.634148e+01	1.042534e-02
8.637166e+01	9.193716e-03
8.640194e+01	1.099444e-02
8.644212e+01	9.421244e-03
8.647241e+01	9.075106e-03
8.650252e+01	9.272014e-03
8.654285e+01	9.762056e-03
8.657311e+01	8.746069e-03
8.660336e+01	8.522617e-03
8.664366e+01	8.553854e-03
8.667411e+01	1.003786e-02
8.670437e+01	9.985599e-03
8.673459e+01	9.569377e-03
8.677484e+01	1.012571e-02
8.680514e+01	1.101107e-02
8.683541e+01	1.022782e-02
8.687559e+01	1.096688e-02
8.690597e+01	1.040711e-02
8.693621e+01	1.126214e-02
8.697653e+01	1.163403e-02
8.700706e+01	9.734696e-03
8.707692e+01	8.895378e-03
8.710742e+01	1.075619e-02
8.713766e+01	1.201699e-02
8.716799e+01	1.161405e-02
8.723802e+01	1.176746e-02
8.726836e+01	1.124091e-02
8.728174e+01	1.092654e-02
8.730880e+01	1.055391e-02
8.733899e+01	1.072175e-02
8.736929e+01	1.100966e-02
8.740965e+01	9.800831e-03
8.743974e+01	1.121195e-02
8.747023e+01	1.361992e-02
8.751015e+01	1.250956e-02
8.754044e+01	1.302680e-02
8.757073e+01	1.308418e-02
8.761102e+01	1.321390e-02
8.764128e+01	1.305902e-02
8.767152e+01	1.287900e-02
8.770180e+01	1.261428e-02
8.774199e+01	1.051744e-02
8.777224e+01	1.164053e-02
8.779245e+01	1.116577e-02
8.784277e+01	1.139920e-02
8.787300e+01	1.189484e-02
8.790320e+01	1.219370e-02
8.794347e+01	1.203808e-02
8.797377e+01	1.203018e-02
8.800400e+01	1.232446e-02
8.804430e+01	1.184545e-02
8.806430e+01	1.218290e-02
8.810469e+01	1.162189e-02
8.813499e+01	1.176237e-02
8.817514e+01	1.185993e-02
8.820543e+01	1.024346e-02
8.823562e+01	1.016776e-02
8.827593e+01	1.085066e-02
8.830621e+01	1.110344e-02
8.833644e+01	1.106242e-02
8.837677e+01	9.876544e-03
8.840700e+01	1.109492e-02
8.843719e+01	1.090325e-02
8.847741e+01	1.120824e-02
8.850779e+01	1.041169e-02
8.853799e+01	1.072330e-02
8.856828e+01	9.277459e-03
8.860848e+01	9.145635e-03
8.863875e+01	8.772736e-03
8.866899e+01	8.165433e-03
8.870932e+01	8.390882e-03
8.873959e+01	9.054815e-03
8.876984e+01	9.593760e-03
8.881011e+01	1.120112e-02
8.884043e+01	9.952548e-03
8.887066e+01	1.074642e-02
8.891102e+01	9.219291e-03
8.894121e+01	1.053311e-02
8.897153e+01	9.104241e-03
8.900175e+01	9.201506e-03
8.904228e+01	1.131491e-02
8.907257e+01	1.128122e-02
8.910305e+01	1.133539e-02
8.914339e+01	1.191924e-02
8.917380e+01	1.199619e-02
8.924422e+01	1.173239e-02
8.927432e+01	1.234607e-02
8.934473e+01	1.389350e-02
8.937518e+01	9.948052e-03
8.940486e+01	1.023875e-02
8.947539e+01	1.316581e-02
8.953598e+01	1.243179e-02
8.956658e+01	1.153109e-02
8.960686e+01	1.152214e-02
8.963710e+01	1.160804e-02
8.967718e+01	1.155615e-02
8.970746e+01	1.114353e-02
8.973768e+01	1.114486e-02
8.980810e+01	1.095674e-02
8.983846e+01	1.080905e-02
8.986878e+01	1.141940e-02
8.993922e+01	1.079217e-02
8.996944e+01	9.999570e-03
9.000976e+01	1.022818e-02
9.003996e+01	1.031749e-02
9.007022e+01	1.061974e-02
9.011047e+01	9.977073e-03
9.012232e+01	1.012177e-02
9.014091e+01	9.620115e-03
9.017109e+01	1.044094e-02
9.024131e+01	9.369507e-03
9.027170e+01	9.761386e-03
9.030202e+01	9.368982e-03
9.034213e+01	8.739155e-03
9.035403e+01	9.935471e-03
9.037254e+01	7.948006e-03
9.040302e+01	8.733566e-03
9.044327e+01	8.327944e-03
9.047359e+01	9.897094e-03
9.054392e+01	9.678377e-03
9.057429e+01	9.308354e-03
9.060460e+01	8.374762e-03
9.063471e+01	8.242819e-03
9.067499e+01	8.004348e-03
9.070520e+01	8.102428e-03
9.073552e+01	8.061622e-03
9.077592e+01	7.111914e-03
9.080615e+01	7.137048e-03
9.082617e+01	5.987162e-03
9.087668e+01	6.480199e-03
9.088702e+01	6.538698e-03
9.090710e+01	1.024976e-02
9.093743e+01	6.939872e-03
9.100773e+01	6.975693e-03
9.110828e+01	6.622662e-03
9.116934e+01	5.772461e-03
9.123954e+01	6.277820e-03
9.131010e+01	6.617573e-03
9.137066e+01	7.025042e-03
9.145114e+01	6.819376e-03
9.150161e+01	6.989201e-03
9.157218e+01	6.111889e-03
9.164269e+01	6.698694e-03
9.174332e+01	7.243338e-03
9.177384e+01	7.277086e-03
9.183427e+01	7.439274e-03
9.190483e+01	7.192168e-03
9.198546e+01	7.215728e-03
9.203590e+01	6.697924e-03
9.210649e+01	7.918069e-03
9.217700e+01	7.922967e-03
9.224205e+01	6.538351e-03
9.226865e+01	7.598811e-03
9.233901e+01	7.488069e-03
9.240946e+01	7.522556e-03
9.247001e+01	7.944983e-03
9.254052e+01	6.921445e-03
9.257103e+01	7.724076e-03
9.267178e+01	7.224615e-03
9.270186e+01	5.407367e-03
9.274224e+01	5.848199e-03
9.275236e+01	6.819762e-03
9.277256e+01	6.292535e-03
9.280284e+01	6.940127e-03
9.284313e+01	7.094011e-03
9.287341e+01	7.349993e-03
9.290407e+01	7.531358e-03
9.293426e+01	7.353156e-03
9.297479e+01	7.736084e-03
9.300496e+01	7.601262e-03
9.303508e+01	6.189998e-03
9.307558e+01	6.742557e-03
9.310582e+01	7.661294e-03
9.313602e+01	7.266369e-03
9.317642e+01	8.012135e-03
9.320659e+01	7.795231e-03
9.323693e+01	8.171432e-03
9.327717e+01	8.022100e-03
9.330730e+01	7.953158e-03
9.333771e+01	8.105302e-03
9.336778e+01	8.061490e-03
9.340811e+01	8.188199e-03
9.343837e+01	7.942450e-03
9.346863e+01	8.203796e-03
9.350875e+01	7.980440e-03
9.353903e+01	7.714630e-03
9.356936e+01	9.151156e-03
9.360966e+01	1.104928e-02
9.364030e+01	1.169050e-02
9.371064e+01	1.230660e-02
9.374074e+01	1.132807e-02
9.375410e+01	1.194457e-02
9.377101e+01	1.211283e-02
9.380131e+01	1.202183e-02
9.384154e+01	1.218476e-02
9.387180e+01	1.232571e-02
9.390256e+01	1.095495e-02
9.394279e+01	1.096356e-02
9.397306e+01	1.168136e-02
9.400330e+01	1.213381e-02
9.404360e+01	1.181051e-02
9.407390e+01	1.178350e-02
9.410411e+01	1.202602e-02
9.414442e+01	1.180295e-02
9.417459e+01	1.200173e-02
9.423477e+01	1.167961e-02
9.427513e+01	1.231247e-02
9.428965e+01	1.262307e-02
9.430553e+01	1.167718e-02
9.433572e+01	1.247959e-02
9.437598e+01	1.236444e-02
9.440623e+01	1.209662e-02
9.443671e+01	1.220667e-02
9.447676e+01	1.307061e-02
9.453724e+01	1.280768e-02
9.457708e+01	1.199780e-02
9.459162e+01	1.222938e-02
9.460766e+01	1.226933e-02
9.463790e+01	1.250528e-02
9.466805e+01	1.156389e-02
9.473845e+01	1.231620e-02
9.476848e+01	1.244434e-02
9.480900e+01	1.121983e-02
9.482326e+01	1.227365e-02
9.483940e+01	1.172894e-02
9.486964e+01	1.204341e-02
9.490974e+01	1.247299e-02
9.494019e+01	1.244151e-02
9.497016e+01	1.251660e-02
9.504074e+01	1.261272e-02
9.505545e+01	1.240615e-02
9.507099e+01	1.220895e-02
9.510129e+01	1.230517e-02
9.514158e+01	1.247074e-02
9.520196e+01	1.234454e-02
9.527247e+01	1.226796e-02
9.530263e+01	1.217150e-02
9.534303e+01	1.071711e-02
9.537316e+01	1.112645e-02
9.540354e+01	1.154190e-02
9.544350e+01	1.122480e-02
9.547403e+01	1.194711e-02
9.550420e+01	1.233554e-02
9.553427e+01	1.203842e-02
9.557476e+01	1.175846e-02
9.560482e+01	1.169595e-02
9.563529e+01	1.164099e-02
9.567544e+01	1.242582e-02
9.570586e+01	1.144533e-02
9.573607e+01	1.174122e-02
9.577603e+01	1.170304e-02
9.580681e+01	1.235531e-02
9.583677e+01	1.226518e-02
9.587707e+01	1.190178e-02
9.590729e+01	1.198339e-02
9.593754e+01	1.058459e-02
9.597778e+01	1.099339e-02
9.600809e+01	1.114958e-02
9.603829e+01	1.226955e-02
9.610882e+01	1.173867e-02
9.613913e+01	1.207228e-02
9.616937e+01	1.212079e-02
9.620968e+01	1.107301e-02
9.623984e+01	1.179254e-02
9.627012e+01	1.068076e-02
9.631039e+01	1.097128e-02
9.634067e+01	1.120730e-02
9.637092e+01	1.079497e-02
9.640127e+01	1.101543e-02
9.644152e+01	1.039245e-02
9.647154e+01	1.078004e-02
9.650189e+01	1.029325e-02
9.654238e+01	1.050309e-02
9.657275e+01	9.457316e-03
9.660301e+01	1.043137e-02
9.664329e+01	8.488053e-03
9.667342e+01	9.194564e-03
9.670442e+01	9.001467e-03
9.677487e+01	7.915639e-03
9.680512e+01	9.077089e-03
9.683535e+01	7.815987e-03
9.687570e+01	7.700448e-03
9.690591e+01	7.451682e-03
9.693615e+01	6.419938e-03
9.697646e+01	6.313615e-03
9.700667e+01	6.421609e-03
9.703693e+01	6.103181e-03
9.707725e+01	6.653029e-03
9.710750e+01	6.898359e-03
9.713778e+01	6.180970e-03
9.716792e+01	6.761723e-03
9.719821e+01	6.781634e-03
9.726865e+01	6.766339e-03
9.727891e+01	7.243405e-03
9.730921e+01	6.844965e-03
9.733933e+01	6.961575e-03
9.736971e+01	7.602791e-03
9.744014e+01	6.834741e-03
9.747037e+01	7.410751e-03
9.751060e+01	7.650427e-03
9.754076e+01	7.099561e-03
9.757115e+01	6.645233e-03
9.760142e+01	6.759542e-03
9.764175e+01	6.716256e-03
9.767201e+01	6.291473e-03
9.770226e+01	6.853452e-03
9.774259e+01	6.699525e-03
9.777286e+01	5.420181e-03
9.780306e+01	5.889794e-03
9.783334e+01	6.257884e-03
9.787349e+01	5.780802e-03
9.790368e+01	6.263665e-03
9.794397e+01	6.318773e-03
9.797428e+01	6.859649e-03
9.800438e+01	6.614351e-03
9.803471e+01	6.423761e-03
9.807504e+01	6.459894e-03
9.810528e+01	7.424384e-03
9.817638e+01	7.292738e-03
9.823648e+01	7.430452e-03
9.830706e+01	7.504569e-03
9.836767e+01	7.141064e-03
9.843821e+01	7.048321e-03
9.850876e+01	6.063238e-03
9.856926e+01	6.575132e-03
9.863984e+01	7.302076e-03
9.871037e+01	7.203211e-03
9.877086e+01	7.252177e-03
9.884143e+01	7.148811e-03
9.890191e+01	7.132478e-03
9.897249e+01	5.483607e-03
9.904304e+01	6.749282e-03
9.910354e+01	6.636627e-03
9.914410e+01	7.120841e-03
9.917445e+01	9.238777e-03
9.920568e+01	7.290318e-03
9.923581e+01	7.831436e-03
9.927607e+01	6.497145e-03
9.930640e+01	6.770754e-03
9.933656e+01	6.900839e-03
9.937691e+01	7.361241e-03
9.940716e+01	7.742921e-03
9.943746e+01	7.352523e-03
9.947768e+01	7.256097e-03
9.950788e+01	7.120224e-03
9.953813e+01	7.064628e-03
9.956835e+01	6.715335e-03
9.960864e+01	7.577924e-03
9.963894e+01	7.327869e-03
9.966920e+01	6.346273e-03
9.970950e+01	6.840798e-03
9.973968e+01	6.630287e-03
9.976998e+01	6.938950e-03
9.981028e+01	6.332943e-03
9.984048e+01	4.916509e-03
9.987072e+01	3.659694e-03
9.990098e+01	2.454993e-03
9.994112e+01	1.872277e-03
9.997139e+01	7.269625e-03
1.000018e+02	3.527223e-03
1.001025e+02	1.018540e-04
1.001730e+02	3.213105e-03
1.002435e+02	2.966049e-03
1.003042e+02	3.521736e-03
1.003749e+02	3.513491e-03
1.004353e+02	3.564344e-03
1.005057e+02	3.773892e-03
1.005362e+02	1.688600e-05
1.005763e+02	1.938400e-05
1.006066e+02	3.053580e-04
1.006368e+02	8.112700e-05
1.006771e+02	3.885620e-04
1.007073e+02	6.224820e-04
1.007376e+02	7.241330e-04
1.007678e+02	7.366230e-04
1.008081e+02	7.568920e-04
1.008384e+02	7.571310e-04
1.008686e+02	7.624530e-04
1.009089e+02	7.745220e-04
1.009392e+02	7.616110e-04
1.009694e+02	1.777700e-05
1.010399e+02	4.153124e-03
1.011105e+02	6.180456e-03
1.011409e+02	6.513741e-03
1.012013e+02	7.387418e-03
1.012416e+02	7.333561e-03
1.012718e+02	7.584826e-03
1.013020e+02	7.882231e-03
1.013426e+02	7.883570e-03
1.013726e+02	8.415454e-03
1.014028e+02	7.298611e-03
1.014431e+02	7.236139e-03
1.014734e+02	8.725328e-03
1.015035e+02	8.027429e-03
1.015438e+02	8.341104e-03
1.015741e+02	8.453630e-03
1.016043e+02	8.476741e-03
1.016345e+02	9.331356e-03
1.017050e+02	8.222032e-03
1.017352e+02	8.684922e-03
1.017457e+02	8.467371e-03
1.017757e+02	7.542992e-03
1.018063e+02	7.955440e-03
1.018361e+02	7.610794e-03
1.018764e+02	8.784260e-03
1.019367e+02	8.400859e-03
1.020072e+02	8.065193e-03
1.020677e+02	6.742705e-03
1.021382e+02	6.705655e-03
1.022087e+02	5.316468e-03
1.022692e+02	5.704837e-03
1.023398e+02	6.925300e-03
1.024103e+02	6.518457e-03
1.024709e+02	7.952061e-03
1.025413e+02	7.038592e-03
1.026018e+02	5.045139e-03
1.026725e+02	5.501979e-03
1.027429e+02	6.253425e-03
1.028036e+02	7.505900e-03
1.028742e+02	7.340404e-03
1.029347e+02	7.580887e-03
1.030056e+02	5.447593e-03
1.030761e+02	6.292413e-03
1.031366e+02	7.686142e-03
1.032073e+02	6.473504e-03
1.032679e+02	6.832583e-03
1.033384e+02	7.008522e-03
1.034089e+02	6.664338e-03
1.034694e+02	6.585454e-03
1.035399e+02	6.797903e-03
1.036106e+02	6.927028e-03
1.036710e+02	6.528647e-03
1.037721e+02	5.669381e-03
1.038124e+02	7.154651e-03
1.038729e+02	7.693212e-03
1.039434e+02	7.937886e-03
1.040039e+02	6.980870e-03
1.040744e+02	6.723779e-03
1.041652e+02	6.772551e-03
1.042358e+02	6.879613e-03
1.043063e+02	6.370083e-03
1.043754e+02	7.367297e-03
1.044360e+02	6.977875e-03
1.045065e+02	5.786706e-03
1.045670e+02	6.306105e-03
1.046377e+02	6.682662e-03
1.047082e+02	1.298988e-02
1.047391e+02	8.346543e-03
1.048290e+02	7.262101e-03
1.049098e+02	5.870956e-03
1.049401e+02	7.276005e-03
1.050106e+02	6.520148e-03
1.050712e+02	6.582598e-03
1.051418e+02	6.610873e-03
1.052023e+02	7.134235e-03
1.052729e+02	5.487023e-03
1.053435e+02	6.028380e-03
1.054040e+02	7.188500e-03
1.054746e+02	6.786032e-03
1.055352e+02	6.720020e-03
1.056056e+02	8.035019e-03
1.056762e+02	6.370023e-03
1.057367e+02	5.861932e-03
1.058073e+02	6.681096e-03
1.058679e+02	7.273077e-03
1.059384e+02	6.988023e-03
1.060090e+02	6.959085e-03
1.060696e+02	6.536251e-03
1.061404e+02	6.258012e-03
1.062108e+02	6.841116e-03
1.062717e+02	6.876414e-03
1.063423e+02	7.760443e-03
1.064027e+02	6.033657e-03
1.064732e+02	5.891725e-03
1.065438e+02	7.378932e-03
1.066345e+02	6.847687e-03
1.066850e+02	6.971019e-03
1.067355e+02	7.413392e-03
1.068061e+02	8.540813e-03
1.069066e+02	8.166181e-03
1.069370e+02	8.575279e-03
1.070076e+02	9.435225e-03
1.071083e+02	9.591196e-03
1.071697e+02	9.366753e-03
1.072205e+02	1.124608e-02
1.072703e+02	9.731968e-03
1.073411e+02	1.116434e-02
1.074416e+02	8.553187e-03
1.074520e+02	1.083831e-02
1.075023e+02	1.051151e-02
1.075728e+02	7.803025e-03
1.076434e+02	9.183389e-03
1.077039e+02	7.473078e-03
1.077747e+02	7.210483e-03
1.078353e+02	7.219124e-03
1.079058e+02	6.247567e-03
1.079765e+02	5.951236e-03
1.080369e+02	6.389797e-03
1.081074e+02	7.319709e-03
1.082081e+02	7.098916e-03
1.082687e+02	7.042471e-03
1.083393e+02	5.369280e-03
1.084101e+02	7.133060e-03
1.084706e+02	7.170693e-03
1.085420e+02	7.532642e-03
1.086025e+02	6.212321e-03
1.086730e+02	6.460903e-03
1.087438e+02	7.263827e-03
1.088045e+02	7.478367e-03
1.088750e+02	7.304179e-03
1.089355e+02	7.899034e-03
1.090060e+02	6.575168e-03
1.090767e+02	5.978654e-03
1.091372e+02	6.780894e-03
1.092078e+02	7.198616e-03
1.092683e+02	6.734822e-03
1.093388e+02	7.175412e-03
1.094093e+02	6.172032e-03
1.095100e+02	7.129750e-03
1.095705e+02	7.134490e-03
1.096411e+02	7.379079e-03
1.097019e+02	7.206921e-03
1.097721e+02	7.021665e-03
1.098426e+02	6.467228e-03
1.099032e+02	8.565792e-03
1.099737e+02	1.089638e-02
1.100343e+02	8.866121e-03
1.100748e+02	9.106960e-03
1.101351e+02	8.283516e-03
1.101754e+02	9.166083e-03
1.102056e+02	7.777728e-03
1.102759e+02	8.629190e-03
1.103062e+02	8.126517e-03
1.103364e+02	9.492557e-03
1.103768e+02	9.709283e-03
1.104070e+02	8.377920e-03
1.104371e+02	9.194071e-03
1.104776e+02	8.263718e-03
1.105078e+02	8.558242e-03
1.105381e+02	8.664878e-03
1.105683e+02	7.881779e-03
1.106086e+02	6.385987e-03
1.106389e+02	6.186221e-03
1.106690e+02	6.405888e-03
1.107093e+02	5.804853e-03
1.107397e+02	5.578532e-03
1.107699e+02	5.656689e-03
1.108002e+02	4.697434e-03
1.108705e+02	7.106253e-03
1.109010e+02	4.011390e-03
1.109413e+02	2.272845e-03
1.109714e+02	1.925269e-03
1.110017e+02	3.116709e-03
1.110620e+02	2.927859e-03
1.111428e+02	3.072096e-03
1.112033e+02	3.820542e-03
1.112739e+02	4.141085e-03
1.113344e+02	4.490290e-03
1.114049e+02	4.405405e-03
1.114761e+02	3.881797e-03
1.115366e+02	4.609501e-03
1.116071e+02	4.145386e-03
1.116376e+02	2.203699e-03
1.117079e+02	4.177348e-03
1.117385e+02	1.905869e-03
1.117685e+02	7.240730e-04
1.118390e+02	4.311892e-03
1.118697e+02	1.276254e-03
1.119399e+02	3.746620e-03
1.120104e+02	4.490262e-03
1.120709e+02	4.410337e-03
1.121013e+02	2.471933e-03
1.121718e+02	4.674961e-03
1.122423e+02	4.807680e-03
1.123029e+02	3.778946e-03
1.123734e+02	4.044742e-03
1.124442e+02	4.836063e-03
1.125046e+02	4.890707e-03
1.125752e+02	4.858629e-03
1.126357e+02	4.660899e-03
1.127063e+02	3.130953e-03
1.127366e+02	1.527677e-03
1.128073e+02	1.888863e-03
1.128377e+02	1.956420e-03
1.128680e+02	2.024004e-03
1.129385e+02	2.270683e-03
1.129688e+02	1.889897e-03
1.130098e+02	1.867483e-03
1.130401e+02	1.963053e-03
1.130703e+02	1.782737e-03
1.131105e+02	2.337086e-03
1.131406e+02	1.988079e-03
1.131710e+02	1.909930e-03
1.131912e+02	1.920288e-03
1.132717e+02	1.820938e-03
1.132819e+02	2.528780e-04
1.133021e+02	5.082290e-04
1.133424e+02	8.145860e-04
1.133727e+02	9.649530e-04
1.134030e+02	1.409297e-03
1.134433e+02	1.690164e-03
1.134736e+02	1.577613e-03
1.135039e+02	1.679055e-03
1.135342e+02	1.579283e-03
1.135747e+02	1.494745e-03
1.136050e+02	2.097222e-03
1.136353e+02	6.512640e-04
1.136756e+02	7.089940e-04
1.137060e+02	1.022607e-03
1.137362e+02	1.083185e-03
1.137765e+02	1.242937e-03
1.138068e+02	1.432582e-03
1.138370e+02	1.400484e-03
1.138773e+02	1.318143e-03
1.139076e+02	1.277360e-03
1.139379e+02	1.306655e-03
1.139682e+02	1.189177e-03
1.140084e+02	1.219873e-03
1.140690e+02	8.149860e-04
1.140991e+02	1.668473e-03
1.141395e+02	1.299804e-03
1.141697e+02	1.330485e-03
1.142099e+02	1.383226e-03
1.142402e+02	1.244136e-03
1.142705e+02	1.112393e-03
1.143108e+02	1.180147e-03
1.143410e+02	1.213370e-03
1.143713e+02	1.100973e-03
1.144014e+02	1.363200e-03
1.144418e+02	1.131519e-03
1.145023e+02	7.351500e-04
1.145428e+02	6.260710e-04
1.145728e+02	5.245870e-04
1.146030e+02	1.396928e-03
1.146434e+02	1.346222e-03
1.146737e+02	1.385411e-03
1.147039e+02	1.333918e-03
1.147342e+02	1.178764e-03
1.147745e+02	1.071319e-03
1.148047e+02	1.162561e-03
1.148350e+02	1.139094e-03
1.148754e+02	2.481000e-05
1.149056e+02	1.079502e-02
1.149364e+02	4.482051e-03
1.149765e+02	9.486280e-04
1.150064e+02	8.326980e-04
1.150367e+02	1.121023e-03
1.150769e+02	1.037836e-03
1.151073e+02	1.573571e-03
1.151376e+02	1.314307e-03
1.151605e+02	1.095592e-03
1.152006e+02	1.096850e-03
1.152410e+02	1.210692e-03
1.152712e+02	1.103903e-03
1.153014e+02	1.112022e-03
1.153417e+02	1.096209e-03
1.153720e+02	1.005181e-03
1.154022e+02	9.758430e-04
1.154425e+02	1.061677e-03
1.155029e+02	1.847000e-05
1.155431e+02	7.676300e-05
1.155735e+02	3.384640e-04
1.156037e+02	1.155014e-03
1.156441e+02	1.282834e-03
1.156744e+02	1.314313e-03
1.157047e+02	1.248067e-03
1.157349e+02	1.202989e-03
1.157752e+02	1.102476e-03
1.158056e+02	7.747600e-05
1.158359e+02	4.282230e-04
1.158667e+02	1.037860e-03
1.159371e+02	1.018747e-03
1.159474e+02	1.092243e-03
1.159676e+02	1.035897e-03
1.160078e+02	1.011099e-03
1.160381e+02	1.052237e-03
1.160684e+02	9.682790e-04
1.161086e+02	1.368395e-03
1.161391e+02	4.565380e-04
1.161592e+02	5.466790e-04
1.162096e+02	8.444120e-04
1.162398e+02	1.014620e-03
1.162701e+02	1.083228e-03
1.163104e+02	1.083153e-03
1.163409e+02	1.098230e-03
1.163713e+02	1.024960e-03
1.164014e+02	1.037795e-03
1.164417e+02	1.041004e-03
1.164720e+02	9.697560e-04
1.165023e+02	9.385950e-04
1.165426e+02	1.085397e-03
1.165731e+02	2.430500e-05
1.166033e+02	7.210170e-04
1.166436e+02	7.969240e-04
1.166739e+02	1.106668e-03
1.167043e+02	1.223740e-03
1.167346e+02	1.117204e-03
1.167748e+02	1.024851e-03
1.168051e+02	1.055811e-03
1.168353e+02	1.059466e-03
1.168757e+02	9.705760e-04
1.169060e+02	1.038456e-03
1.169362e+02	2.358400e-05
1.169765e+02	5.241800e-05
1.170067e+02	8.316370e-04
1.170370e+02	6.039690e-04
1.170773e+02	8.748500e-04
1.171076e+02	1.486930e-03
1.171380e+02	1.292449e-03
1.171682e+02	1.281006e-03
1.172086e+02	1.249223e-03
1.172388e+02	1.134989e-03
1.172691e+02	1.024325e-03
1.173094e+02	1.033065e-03
1.173396e+02	2.308300e-05
1.173699e+02	8.195900e-05
1.174102e+02	3.736740e-04
1.174405e+02	8.387530e-04
1.174707e+02	9.222170e-04
1.175009e+02	9.640980e-04
1.175413e+02	1.063606e-03
1.175715e+02	1.011540e-03
1.176018e+02	1.569648e-03
1.176420e+02	1.345826e-03
1.176723e+02	1.270684e-03
1.177026e+02	1.216966e-03
1.178033e+02	5.629440e-04
1.178436e+02	5.568150e-04
1.178738e+02	6.960300e-04
1.179041e+02	1.036010e-03
1.179343e+02	1.091327e-03
1.179747e+02	1.035312e-03
1.180049e+02	1.005522e-03
1.180352e+02	1.067966e-03
1.180755e+02	1.019373e-03
1.181057e+02	1.494094e-03
1.181360e+02	1.339914e-03
1.181764e+02	2.195120e-04
1.182065e+02	1.148160e-03
1.182368e+02	1.149812e-03
1.182771e+02	1.047502e-03
1.183074e+02	1.053318e-03
1.183376e+02	2.716421e-03
1.184080e+02	4.612086e-03
1.184685e+02	4.412936e-03
1.185389e+02	3.175210e-03
1.186095e+02	3.392980e-03
1.186700e+02	3.543327e-03
1.187105e+02	1.296918e-03
1.187709e+02	3.508320e-03
1.188317e+02	7.611710e-04
1.189729e+02	3.819290e-04
1.190435e+02	7.568160e-04
1.191040e+02	7.386500e-04
1.191650e+02	7.470500e-04
1.193060e+02	1.053290e-04
1.193767e+02	7.566210e-04
1.194373e+02	7.494230e-04
1.195078e+02	7.805640e-04
1.195684e+02	7.810250e-04
1.197097e+02	5.386480e-04
1.197603e+02	8.119450e-04
1.198410e+02	9.614410e-04
1.199015e+02	9.479140e-04
1.200428e+02	5.936150e-04
1.201033e+02	1.209282e-03
1.201738e+02	1.146438e-03
1.202345e+02	1.185402e-03
1.203758e+02	1.145439e-03
1.204364e+02	1.022104e-03
1.205070e+02	1.219838e-03
1.205777e+02	1.169084e-03
1.206384e+02	1.211664e-03
1.207091e+02	1.028619e-03
1.207697e+02	8.694650e-04
1.208404e+02	1.222425e-03
1.209111e+02	1.234955e-03
1.209716e+02	1.171782e-03
1.210422e+02	1.010528e-03
1.211027e+02	6.396720e-04
1.211634e+02	1.208155e-03
1.212442e+02	1.266223e-03
1.213048e+02	1.273645e-03
1.213755e+02	1.060408e-03
1.214360e+02	7.404520e-04
1.215067e+02	1.259260e-03
1.215674e+02	1.203263e-03
1.216381e+02	1.239761e-03
1.217693e+02	4.965640e-04
1.218399e+02	1.238147e-03
1.219107e+02	1.211493e-03
1.219713e+02	1.155733e-03
1.220926e+02	4.567480e-04
1.221731e+02	8.884780e-04
1.222437e+02	1.203589e-03
1.223041e+02	1.202864e-03
1.223747e+02	1.129001e-03
1.224355e+02	1.244980e-04
1.225060e+02	5.812040e-04
1.225767e+02	1.131220e-03
1.226372e+02	1.171147e-03
1.227080e+02	1.207208e-03
1.227684e+02	1.131399e-03
1.228391e+02	3.470740e-04
1.229097e+02	9.288750e-04
1.229704e+02	1.113389e-03
1.230411e+02	1.203099e-03
1.231017e+02	1.193188e-03
1.231640e+02	1.164193e-03
1.232346e+02	1.204220e-03
1.233051e+02	1.202653e-03
1.233758e+02	3.067220e-04
1.234364e+02	1.024662e-03
1.235072e+02	1.193857e-03
1.235779e+02	1.166780e-03
1.236284e+02	1.183681e-03
1.237092e+02	4.272230e-04
1.237697e+02	8.786110e-04
1.238303e+02	1.142663e-03
1.239111e+02	1.024268e-03
1.239716e+02	9.593480e-04
1.241027e+02	3.295330e-04
1.241632e+02	7.512380e-04
1.242438e+02	8.837840e-04
1.243045e+02	9.097650e-04
1.243751e+02	8.650740e-04
1.244357e+02	1.835740e-04
1.244962e+02	5.795720e-04
1.245769e+02	9.802130e-04
1.246374e+02	9.795420e-04
1.247082e+02	9.079630e-04
1.248392e+02	6.738200e-05
1.249098e+02	7.071800e-04
1.249704e+02	8.523230e-04
1.250409e+02	8.642920e-04
1.251015e+02	8.656480e-04
1.251620e+02	8.414700e-04
1.252427e+02	6.786070e-04
1.253032e+02	7.046680e-04
1.253739e+02	8.115450e-04
1.254343e+02	1.052607e-03
1.255050e+02	9.476340e-04
1.256358e+02	8.299900e-05
1.256962e+02	4.413290e-04
1.257767e+02	8.320660e-04
1.258371e+02	8.223930e-04
1.259075e+02	8.482930e-04
1.259680e+02	8.461000e-04
1.260385e+02	1.984400e-05
1.261089e+02	2.689300e-05
1.261592e+02	6.417800e-05
1.262397e+02	5.350530e-04
1.263102e+02	8.043770e-04
1.263705e+02	8.023650e-04
1.264411e+02	1.021987e-03
1.265014e+02	9.758680e-04
1.265719e+02	2.521100e-05
1.267027e+02	2.972960e-04
1.267733e+02	8.031080e-04
1.268438e+02	8.625140e-04
1.269042e+02	8.639160e-04
1.269747e+02	8.482880e-04
1.271055e+02	2.665200e-05
1.271763e+02	6.815520e-04
1.272364e+02	6.115840e-04
1.273069e+02	8.259870e-04
1.273772e+02	7.956080e-04
1.274376e+02	8.984470e-04
1.275082e+02	8.663350e-04
1.277101e+02	8.687070e-04
1.277703e+02	7.954620e-04
1.278406e+02	8.079210e-04
1.279011e+02	8.063000e-04
1.279715e+02	7.658660e-04
1.281727e+02	2.022350e-04
1.282432e+02	6.624940e-04
1.283036e+02	7.957270e-04
1.283741e+02	7.672830e-04
1.284344e+02	8.831940e-04
1.285757e+02	2.793300e-05
1.286361e+02	3.212680e-04
1.287069e+02	7.855250e-04
1.287775e+02	7.595090e-04
1.288381e+02	7.576770e-04
1.289086e+02	7.675880e-04
1.290398e+02	6.335980e-04
1.291106e+02	8.050730e-04
1.291611e+02	7.942500e-04
1.292418e+02	2.325300e-05
1.293728e+02	2.878450e-04
1.294334e+02	1.021657e-03
1.295041e+02	9.325370e-04
1.295749e+02	9.065810e-04
1.297060e+02	1.701120e-04
1.297766e+02	7.140980e-04
1.298370e+02	8.203700e-04
1.299076e+02	8.121960e-04
1.299580e+02	8.047870e-04
1.301093e+02	1.388300e-04
1.301599e+02	7.259770e-04
1.302406e+02	7.897890e-04
1.303011e+02	7.869720e-04
1.303718e+02	2.153100e-05
1.304324e+02	2.991800e-05
1.305029e+02	5.054600e-04
1.305735e+02	8.626510e-04
1.306441e+02	8.759850e-04
1.307048e+02	8.317730e-04
1.307755e+02	2.672800e-05
1.309063e+02	4.428970e-04
1.309769e+02	7.740120e-04
1.310375e+02	1.092214e-02
1.311087e+02	4.643733e-03
1.311689e+02	8.432370e-04
1.312399e+02	7.999390e-04
1.313104e+02	8.019120e-04
1.313709e+02	7.629630e-04
1.314414e+02	8.209250e-04
1.315020e+02	2.981100e-05
1.315728e+02	2.421800e-04
1.316435e+02	7.760890e-04
1.317040e+02	8.020640e-04
1.317747e+02	7.742800e-04
1.319061e+02	2.042670e-04
1.319767e+02	7.458000e-04
1.320373e+02	7.758530e-04
1.321080e+02	7.857400e-04
1.322292e+02	1.924700e-04
1.323101e+02	7.508500e-04
1.323706e+02	7.759640e-04
1.324414e+02	7.904650e-04
1.325018e+02	8.048620e-04
1.325623e+02	6.333510e-04
1.326427e+02	5.734510e-04
1.326931e+02	5.322970e-04
1.327739e+02	7.419180e-04
1.328342e+02	7.311360e-04
1.329048e+02	7.823560e-04
1.329753e+02	7.643100e-04
1.330367e+02	7.532370e-04
1.331076e+02	1.206563e-03
1.332384e+02	3.491983e-03
1.333090e+02	7.472800e-04
1.335104e+02	3.420330e-04
1.335708e+02	7.211890e-04
1.336414e+02	7.212200e-04
1.337019e+02	7.198630e-04
1.337625e+02	7.145160e-04
1.338446e+02	7.211940e-04
1.339038e+02	3.629360e-04
1.339745e+02	7.494570e-04
1.340350e+02	7.296400e-04
1.341056e+02	7.299850e-04
1.341660e+02	7.213940e-04
1.342368e+02	6.123900e-05
1.342974e+02	6.635400e-04
1.343682e+02	7.162650e-04
1.344387e+02	7.264110e-04
1.345629e+02	7.244680e-04
1.346335e+02	8.975200e-05
1.347042e+02	7.164940e-04
1.347748e+02	7.250690e-04
1.348354e+02	7.220500e-04
1.349061e+02	2.802900e-05
1.349767e+02	2.153100e-05
1.350373e+02	5.899180e-04
1.351078e+02	7.304160e-04
1.351592e+02	8.392080e-04
1.352391e+02	7.391220e-04
1.353095e+02	1.092190e-04
1.353701e+02	2.388900e-05
1.354406e+02	5.618180e-04
1.355013e+02	7.693160e-04
1.355720e+02	7.305510e-04
1.356426e+02	5.636610e-04
1.357737e+02	2.713950e-04
1.358444e+02	7.426740e-04
1.359048e+02	7.258450e-04
1.359753e+02	7.244340e-04
1.361065e+02	2.127100e-05
1.361671e+02	3.718920e-04
1.362377e+02	7.195770e-04
1.363083e+02	7.188420e-04
1.363690e+02	7.090200e-04
1.364396e+02	7.735910e-04
1.365002e+02	1.587470e-04
1.365708e+02	7.563800e-04
1.366315e+02	7.240190e-04
1.367022e+02	7.210190e-04
1.369039e+02	4.794080e-04
1.369645e+02	7.158880e-04
1.370351e+02	7.189520e-04
1.371058e+02	7.175400e-04
1.372368e+02	7.670200e-05
1.373073e+02	6.365620e-04
1.373677e+02	7.161380e-04
1.374383e+02	7.240630e-04
1.375087e+02	7.190870e-04
1.375691e+02	7.147010e-04
1.376396e+02	7.594190e-04
1.377102e+02	1.156370e-04
