1.466000e-06	1.086466e-02
3.793713e-02	4.107513e-03	
5.674528e-02	2.273913e-03	
7.424484e-02	2.101380e-03	
1.167458e+00	2.227605e-03	
1.247928e+00	1.698709e-03	
1.325708e+00	2.124913e-03	
1.413453e+00	1.630989e-03	
1.491303e+00	1.498623e-03	
1.531431e+00	8.377570e-04	
1.569160e+00	1.326927e-03	
1.606838e+00	1.695403e-03	
1.654437e+00	1.492665e-03	
1.692083e+00	4.607270e-04	
1.729722e+00	1.551752e-03	
1.767364e+00	1.646569e-03	
1.804988e+00	7.804990e-04	
1.852833e+00	1.265288e-03	
1.930699e+00	1.684395e-03	
1.968316e+00	4.018200e-04	
2.006164e+00	1.371252e-03	
2.053973e+00	2.157047e-03	
2.131811e+00	1.198668e-03
2.169556e+00	1.881154e-03
2.247346e+00	2.027966e-03
2.285183e+00	6.171100e-04
2.372960e+00	2.265698e-03
2.410702e+00	1.872764e-03
2.488589e+00	6.830240e-04
2.526208e+00	1.606328e-03
2.573838e+00	2.757125e-03
2.611457e+00	8.943250e-04
2.649043e+00	1.384829e-03
2.686804e+00	1.859333e-03
2.734561e+00	1.394517e-03
2.772250e+00	8.291740e-04
2.809909e+00	1.858368e-03
2.847542e+00	1.743859e-03
2.885215e+00	5.379130e-04
2.932738e+00	1.332543e-03
2.970227e+00	1.710683e-03
3.008034e+00	1.110310e-03
3.085841e+00	1.326070e-03
3.133592e+00	2.070187e-03
3.171109e+00	1.440127e-03
3.208790e+00	9.808940e-04
3.246585e+00	2.115029e-03
3.334338e+00	1.690475e-03
3.372009e+00	1.020694e-03
3.409615e+00	1.806436e-03
3.447350e+00	2.079781e-03
3.525081e+00	7.772600e-04
3.572832e+00	1.716279e-03
3.610501e+00	2.042147e-03
3.648298e+00	8.024910e-04
3.726194e+00	1.659015e-03
3.773788e+00	1.948813e-03
3.811450e+00	9.200770e-04
3.849920e+00	2.437908e-03
3.887382e+00	2.169294e-03
3.934926e+00	9.921580e-04
4.012925e+00	1.719558e-03
4.050453e+00	1.962332e-03
4.088000e+00	1.111677e-03
4.125521e+00	9.423330e-04
4.173326e+00	1.953682e-03
4.211068e+00	1.548592e-03
4.248897e+00	1.180582e-03
4.286447e+00	1.905304e-03
4.374238e+00	1.875199e-03
4.411857e+00	5.786000e-04
4.449631e+00	1.687826e-03
4.527706e+00	9.548804e-03
4.605452e+00	2.203761e-03
4.653113e+00	2.045101e-03
4.690683e+00	2.054191e-03
4.768572e+00	7.122670e-04
4.846307e+00	1.776643e-03
4.924176e+00	2.001876e-03
5.012116e+00	9.459730e-04
5.089943e+00	2.057499e-03
5.167706e+00	1.793072e-03
5.245392e+00	9.550620e-04
5.333307e+00	2.185958e-03
5.411238e+00	1.258874e-03
5.489203e+00	1.472491e-03
5.566947e+00	1.766968e-03
5.654622e+00	1.112180e-03
5.732569e+00	1.142234e-03
5.810347e+00	1.726011e-03
5.888204e+00	6.964940e-04
5.965917e+00	1.054989e-03
6.053770e+00	1.649166e-03
6.131553e+00	6.889290e-04
6.209517e+00	1.636562e-03
6.287429e+00	1.796099e-03
6.365253e+00	4.497590e-04
6.453080e+00	4.123048e-03
6.530824e+00	2.919980e-03
6.608595e+00	9.429670e-04
6.686465e+00	3.249551e-03
6.774230e+00	3.292853e-03
6.851878e+00	2.241760e-03
6.930307e+00	3.788773e-03
7.008096e+00	2.339048e-03
7.085903e+00	2.878056e-03
7.173765e+00	4.324477e-03
7.251864e+00	3.901897e-03
7.329313e+00	3.332912e-03
7.407148e+00	3.941827e-03
7.495004e+00	2.265750e-03
7.572916e+00	9.843949e-03
7.650803e+00	3.189087e-03
7.728729e+00	2.622459e-03
7.806664e+00	3.956131e-03
7.884390e+00	3.469451e-03
7.972295e+00	4.152960e-03
8.050178e+00	4.017342e-03
8.128060e+00	3.288487e-03
8.206251e+00	3.575091e-03
8.294263e+00	3.814357e-03
8.372223e+00	3.001888e-03
8.450073e+00	4.081339e-03
8.527812e+00	3.486870e-03
8.605712e+00	2.969676e-03
8.693615e+00	4.086894e-03
8.771323e+00	3.150237e-03
8.849337e+00	1.133303e-02
8.927254e+00	3.631107e-03
9.005037e+00	4.116443e-03
9.092895e+00	3.840129e-03
9.170617e+00	1.095664e-02
9.248460e+00	2.634469e-03
9.326268e+00	1.115237e-02
9.414280e+00	3.652572e-03
9.492173e+00	9.919246e-03
9.569963e+00	4.200917e-03
9.647687e+00	1.095805e-02
9.725454e+00	3.009266e-03
9.813384e+00	1.092941e-02
9.891250e+00	1.166455e-02
9.969076e+00	3.541353e-03
1.004705e+01	1.120865e-02
1.013494e+01	1.010402e-02
1.021272e+01	1.048825e-02
1.029067e+01	1.124188e-02
1.036848e+01	1.097386e-02
1.044626e+01	1.117217e-02
1.053408e+01	1.054093e-02
1.061215e+01	1.024121e-02
1.068988e+01	4.547134e-03
1.076771e+01	1.040093e-02
1.084538e+01	1.131760e-02
1.093328e+01	1.121864e-02
1.101097e+01	1.066753e-02
1.108887e+01	4.015921e-03
1.116666e+01	1.120464e-02
1.125448e+01	4.374314e-03
1.133233e+01	4.238870e-03
1.141019e+01	5.132604e-03
1.148793e+01	4.459315e-03
1.152547e+01	4.048147e-03
1.157322e+01	5.222442e-03
1.161088e+01	4.773322e-03
1.164858e+01	3.318087e-03
1.172641e+01	5.322599e-03
1.176393e+01	4.931761e-03
1.185187e+01	4.010934e-03
1.188961e+01	4.541019e-03
1.192727e+01	4.946174e-03
1.196583e+01	4.484317e-03
1.205366e+01	5.787362e-03
1.209130e+01	4.025050e-03
1.212896e+01	4.270487e-03
1.216651e+01	5.321222e-03
1.220433e+01	4.805185e-03
1.225229e+01	4.403964e-03
1.228984e+01	5.762458e-03
1.232744e+01	4.598530e-03
1.240542e+01	4.284856e-03
1.244297e+01	4.839389e-03
1.249065e+01	5.129595e-03
1.252829e+01	4.788540e-03
1.256600e+01	5.121807e-03
1.260367e+01	6.382674e-03
1.265140e+01	4.885887e-03
1.268890e+01	5.596545e-03
1.272661e+01	6.575836e-03
1.276436e+01	6.454834e-03
1.281200e+01	5.589322e-03
1.284956e+01	6.308620e-03
1.288751e+01	7.086911e-03
1.292483e+01	6.812741e-03
1.297270e+01	6.204854e-03
1.305053e+01	6.277464e-03
1.308816e+01	5.841848e-03
1.312584e+01	6.122021e-03
1.316362e+01	7.104634e-03
1.325150e+01	5.452830e-03
1.328925e+01	4.764867e-03
1.336723e+01	5.271379e-03
1.340493e+01	4.213173e-03
1.345311e+01	5.461636e-03
1.349036e+01	5.381158e-03
1.352797e+01	4.283339e-03
1.356553e+01	4.404796e-03
1.360328e+01	5.206465e-03
1.369124e+01	5.500675e-03
1.372889e+01	4.147629e-03
1.376657e+01	5.520674e-03
1.380428e+01	4.914888e-03
1.389224e+01	1.152043e-02
1.392987e+01	4.975746e-03
1.400797e+01	3.233230e-03
1.404547e+01	2.732113e-03
1.412338e+01	3.764157e-03
1.417103e+01	3.334164e-03
1.420858e+01	2.456474e-03
1.424611e+01	3.447800e-03
1.432396e+01	3.622792e-03
1.437152e+01	3.321105e-03
1.440914e+01	4.342868e-03
1.444673e+01	5.468135e-03
1.448448e+01	4.620134e-03
1.452211e+01	4.563451e-03
1.457000e+01	5.667599e-03
1.460774e+01	5.188549e-03
1.468552e+01	4.553604e-03
1.472322e+01	5.765815e-03
1.481121e+01	5.168390e-03
1.484881e+01	4.663868e-03
1.488650e+01	5.669572e-03
1.492420e+01	5.391805e-03
1.501206e+01	4.578674e-03
1.504958e+01	5.178005e-03
1.508788e+01	5.335643e-03
1.512550e+01	4.639811e-03
1.520350e+01	5.902293e-03
1.525105e+01	5.278921e-03
1.528882e+01	4.680877e-03
1.532656e+01	5.613172e-03
1.536438e+01	5.274271e-03
1.544206e+01	4.486832e-03
1.548982e+01	5.777075e-03
1.552738e+01	5.196763e-03
1.556513e+01	4.561716e-03
1.560286e+01	5.179364e-03
1.569087e+01	5.396996e-03
1.572850e+01	3.972118e-03
1.576608e+01	5.140219e-03
1.580384e+01	5.662009e-03
1.588295e+01	5.103920e-03
1.593117e+01	4.827791e-03
1.596885e+01	4.464560e-03
1.604672e+01	5.397247e-03
1.608440e+01	5.540657e-03
1.612200e+01	3.887790e-03
1.616984e+01	5.366818e-03
1.620746e+01	5.157418e-03
1.624524e+01	4.022363e-03
1.628292e+01	5.173087e-03
1.637095e+01	4.637928e-03
1.640850e+01	4.060346e-03
1.644629e+01	6.491277e-03
1.648389e+01	5.087804e-03
1.652151e+01	4.223210e-03
1.656953e+01	4.901196e-03
1.664729e+01	5.430557e-03
1.668506e+01	4.168409e-03
1.676298e+01	4.886807e-03
1.681078e+01	5.162252e-03
1.688859e+01	4.064968e-03
1.692638e+01	5.156518e-03
1.700442e+01	4.665129e-03
1.704205e+01	4.115477e-03
1.708963e+01	5.008316e-03
1.712719e+01	5.367211e-03
1.716477e+01	4.256052e-03
1.720228e+01	4.280321e-03
1.725002e+01	5.303037e-03
1.728801e+01	6.409521e-03
1.732558e+01	5.549005e-03
1.736316e+01	5.318284e-03
1.741084e+01	4.994541e-03
1.744853e+01	4.110761e-03
1.752635e+01	5.133833e-03
1.756401e+01	5.365855e-03
1.760162e+01	4.586133e-03
1.764918e+01	4.489970e-03
1.768675e+01	5.360965e-03
1.772438e+01	4.866312e-03
1.776203e+01	4.070850e-03
1.780969e+01	5.397902e-03
1.784719e+01	5.144372e-03
1.788497e+01	4.455061e-03
1.796272e+01	5.047544e-03
1.801027e+01	5.199781e-03
1.804783e+01	4.877048e-03
1.808553e+01	4.239957e-03
1.816348e+01	5.444138e-03
1.820111e+01	4.764974e-03
1.824872e+01	4.105305e-03
1.828644e+01	5.544183e-03
1.832410e+01	5.296922e-03
1.836182e+01	4.071334e-03
1.840969e+01	5.225248e-03
1.848756e+01	3.594923e-03
1.852518e+01	2.583589e-03
1.856292e+01	4.168014e-03
1.861059e+01	4.046190e-03
1.864818e+01	3.487134e-03
1.872602e+01	1.161923e-02
1.876359e+01	3.035883e-03
1.880134e+01	3.710802e-03
1.888924e+01	2.799907e-03
1.892696e+01	3.370725e-03
1.896470e+01	3.927344e-03
1.900236e+01	2.533152e-03
1.909021e+01	3.268697e-03
1.912782e+01	3.847674e-03
1.916542e+01	3.084038e-03
1.920305e+01	2.779002e-03
1.929125e+01	4.099811e-03
1.932841e+01	3.197069e-03
1.936604e+01	2.637389e-03
1.940370e+01	3.511327e-03
1.948170e+01	3.229989e-03
1.952938e+01	3.273269e-03
1.956701e+01	3.658767e-03
1.960460e+01	3.635528e-03
1.964217e+01	3.420402e-03
1.973065e+01	3.773694e-03
1.980864e+01	3.239835e-03
1.988651e+01	3.049611e-03
1.992424e+01	3.727443e-03
1.996189e+01	3.451865e-03
2.004973e+01	3.377417e-03
2.008727e+01	5.064599e-03
2.012488e+01	4.021474e-03
2.016250e+01	2.915484e-03
2.021017e+01	3.613451e-03
2.024812e+01	5.087410e-03
2.028562e+01	3.168180e-03
2.032330e+01	3.125619e-03
2.040114e+01	4.185359e-03
2.044896e+01	2.974093e-03
2.048672e+01	3.387467e-03
2.052435e+01	4.085737e-03
2.056216e+01	3.276028e-03
2.065004e+01	3.306766e-03
2.072791e+01	4.408568e-03
2.076555e+01	4.477114e-03
2.080328e+01	3.370861e-03
2.088114e+01	4.109039e-03
2.092873e+01	3.122538e-03
2.096632e+01	2.961231e-03
2.100395e+01	4.807015e-03
2.104147e+01	5.231209e-03
2.108938e+01	3.755022e-03
2.116721e+01	4.354637e-03
2.120480e+01	4.817774e-03
2.124243e+01	3.802677e-03
2.133036e+01	4.605860e-03
2.136786e+01	4.545947e-03
2.140557e+01	3.790614e-03
2.148342e+01	4.135200e-03
2.152105e+01	5.115594e-03
2.156874e+01	5.568817e-03
2.160634e+01	4.270725e-03
2.164393e+01	5.692556e-03
2.168164e+01	5.902699e-03
2.176973e+01	5.642943e-03
2.180730e+01	6.698746e-03
2.184486e+01	6.691818e-03
2.188235e+01	5.448202e-03
2.193032e+01	6.432083e-03
2.200826e+01	6.509149e-03
2.208639e+01	5.922069e-03
2.216436e+01	6.581726e-03
2.220203e+01	6.145650e-03
2.228991e+01	5.969851e-03
2.232760e+01	6.780057e-03
2.236516e+01	6.332914e-03
2.240285e+01	5.410173e-03
2.245049e+01	6.351864e-03
2.252842e+01	6.336710e-03
2.260652e+01	5.630448e-03
2.268453e+01	6.789591e-03
2.276244e+01	5.391364e-03
2.285051e+01	6.329458e-03
2.292854e+01	6.078737e-03
2.300644e+01	5.531554e-03
2.308449e+01	6.539906e-03
2.316443e+01	6.707577e-03
2.324198e+01	5.939252e-03
2.333007e+01	6.160125e-03
2.340788e+01	7.801004e-03
2.348609e+01	6.142388e-03
2.356400e+01	8.601194e-03
2.365206e+01	8.206701e-03
2.372982e+01	7.990890e-03
2.380772e+01	8.703838e-03
2.388573e+01	8.010234e-03
2.396374e+01	8.783256e-03
2.405170e+01	8.695997e-03
2.412970e+01	8.038306e-03
2.420765e+01	9.436470e-03
2.428559e+01	8.396163e-03
2.436329e+01	8.666392e-03
2.445117e+01	9.599757e-03
2.452905e+01	8.408245e-03
2.460681e+01	1.400881e-02
2.468466e+01	9.810158e-03
2.476242e+01	9.016756e-03
2.485019e+01	9.065425e-03
2.492808e+01	9.724388e-03
2.500584e+01	8.710709e-03
2.508379e+01	1.004180e-02
2.517163e+01	9.356217e-03
2.524957e+01	7.039625e-03
2.532760e+01	8.609112e-03
2.540535e+01	7.966417e-03
2.548308e+01	7.480221e-03
2.557093e+01	8.462777e-03
2.564871e+01	7.323458e-03
2.572650e+01	7.830453e-03
2.580442e+01	8.272751e-03
2.588241e+01	7.231391e-03
2.597035e+01	7.916041e-03
2.604874e+01	8.111498e-03
2.612672e+01	7.775644e-03
2.620472e+01	8.187973e-03
2.628256e+01	7.426956e-03
2.637055e+01	7.189229e-03
2.644840e+01	6.479614e-03
2.652629e+01	6.297850e-03
2.660438e+01	9.301931e-03
2.668253e+01	7.154513e-03
2.677040e+01	6.253180e-03
2.684835e+01	9.368989e-03
2.692624e+01	5.866557e-03
2.700401e+01	8.275541e-03
2.709185e+01	7.183438e-03
2.716997e+01	7.209631e-03
2.724806e+01	7.583813e-03
2.732614e+01	7.348423e-03
2.740435e+01	8.138895e-03
2.748238e+01	6.597334e-03
2.757019e+01	7.618139e-03
2.764798e+01	8.697175e-03
2.772579e+01	5.490735e-03
2.780380e+01	8.210270e-03
2.789159e+01	7.865878e-03
2.796943e+01	6.091222e-03
2.804752e+01	8.644306e-03
2.812575e+01	6.098309e-03
2.820382e+01	8.495286e-03
2.829188e+01	7.999460e-03
2.836963e+01	6.660961e-03
2.844736e+01	7.566781e-03
2.852524e+01	6.891991e-03
2.860300e+01	7.648677e-03
2.869133e+01	8.092298e-03
2.876914e+01	6.166426e-03
2.884715e+01	7.569786e-03
2.892701e+01	9.235949e-03
2.900514e+01	7.608238e-03
2.908317e+01	9.072094e-03
2.917104e+01	7.210148e-03
2.924893e+01	6.718976e-03
2.932679e+01	7.144269e-03
2.940464e+01	8.050195e-03
2.948243e+01	6.548469e-03
2.957043e+01	7.411441e-03
2.964833e+01	7.557094e-03
2.972640e+01	6.752913e-03
2.980445e+01	8.046965e-03
2.988226e+01	6.425048e-03
2.997017e+01	7.055482e-03
3.004813e+01	7.542238e-03
3.012611e+01	6.204118e-03
3.020400e+01	7.948891e-03
3.029215e+01	8.114734e-03
3.037029e+01	6.187554e-03
3.044824e+01	8.666611e-03
3.052619e+01	4.649438e-03
3.060406e+01	7.727069e-03
3.069190e+01	7.232404e-03
3.076959e+01	4.515733e-03
3.084747e+01	9.196699e-03
3.092542e+01	4.405261e-03
3.100342e+01	6.679534e-03
3.109142e+01	8.363267e-03
3.116942e+01	6.242870e-03
3.124757e+01	8.198990e-03
3.132541e+01	6.426989e-03
3.140322e+01	6.668966e-03
3.149120e+01	6.909757e-03
3.156907e+01	6.340115e-03
3.164689e+01	7.121531e-03
3.172481e+01	7.330202e-03
3.180287e+01	5.770772e-03
3.189111e+01	7.408333e-03
3.196913e+01	5.668619e-03
3.204726e+01	7.337678e-03
3.212509e+01	6.658911e-03
3.220351e+01	7.283768e-03
3.229115e+01	7.568571e-03
3.236888e+01	6.645257e-03
3.244658e+01	6.400364e-03
3.252457e+01	8.726157e-03
3.260268e+01	1.681011e-02
3.269049e+01	6.074899e-03
3.276835e+01	6.966420e-03
3.284608e+01	5.222603e-03
3.292413e+01	6.810139e-03
3.300185e+01	5.498112e-03
3.308957e+01	6.458256e-03
3.316757e+01	6.435655e-03
3.324566e+01	5.740742e-03
3.332369e+01	6.092850e-03
3.341160e+01	7.473958e-03
3.348944e+01	4.965384e-03
3.356720e+01	6.744486e-03
3.364489e+01	6.643769e-03
3.372277e+01	5.393262e-03
3.381085e+01	6.971073e-03
3.388880e+01	6.694955e-03
3.396675e+01	6.041018e-03
3.404483e+01	9.265505e-03
3.412291e+01	5.802394e-03
3.421086e+01	8.022504e-03
3.428866e+01	7.053346e-03
3.436717e+01	7.756663e-03
3.444500e+01	5.776947e-03
3.452296e+01	6.962053e-03
3.461095e+01	7.747891e-03
3.468888e+01	6.852346e-03
3.476688e+01	7.225901e-03
3.484467e+01	6.264587e-03
3.492259e+01	7.349232e-03
3.500053e+01	7.403212e-03
3.508839e+01	8.180019e-03
3.516641e+01	7.189209e-03
3.524437e+01	7.510756e-03
3.532236e+01	7.932368e-03
3.541038e+01	7.411870e-03
3.548851e+01	8.301748e-03
3.556647e+01	6.819495e-03
3.564427e+01	7.570605e-03
3.572216e+01	7.734886e-03
3.580997e+01	7.554877e-03
3.588790e+01	7.289244e-03
3.596566e+01	7.305796e-03
3.604370e+01	7.467161e-03
3.613180e+01	7.999423e-03
3.620983e+01	6.769105e-03
3.628769e+01	7.817112e-03
3.636569e+01	6.469817e-03
3.644356e+01	7.191263e-03
3.653133e+01	7.328043e-03
3.660923e+01	7.112015e-03
3.668736e+01	8.035315e-03
3.676533e+01	7.281662e-03
3.684349e+01	7.050243e-03
3.693145e+01	7.651066e-03
3.700947e+01	6.367836e-03
3.708757e+01	8.567974e-03
3.716546e+01	6.387226e-03
3.724324e+01	6.910189e-03
3.732146e+01	7.261260e-03
3.740920e+01	7.329488e-03
3.748700e+01	6.997757e-03
3.756531e+01	7.296625e-03
3.764328e+01	6.873482e-03
3.773143e+01	6.393872e-03
3.780945e+01	6.555826e-03
3.788742e+01	6.517501e-03
3.796531e+01	6.037101e-03
3.804315e+01	6.058186e-03
3.813113e+01	5.435282e-03
3.820883e+01	5.577018e-03
3.828669e+01	5.473696e-03
3.836453e+01	5.845707e-03
3.844232e+01	6.117024e-03
3.853054e+01	6.019181e-03
3.860838e+01	6.949615e-03
3.868634e+01	6.870215e-03
3.876437e+01	6.830070e-03
3.884241e+01	6.150453e-03
3.893045e+01	7.827028e-03
3.900828e+01	6.647606e-03
3.908627e+01	5.859332e-03
3.916400e+01	6.884350e-03
3.925171e+01	6.462119e-03
3.932975e+01	6.019300e-03
3.940773e+01	7.022208e-03
3.948589e+01	5.866721e-03
3.956463e+01	7.370624e-03
3.965259e+01	5.834637e-03
3.973037e+01	6.798514e-03
3.980802e+01	6.984361e-03
3.988598e+01	5.427115e-03
3.996375e+01	6.585393e-03
4.005168e+01	6.277520e-03
4.012953e+01	5.563399e-03
4.020758e+01	6.814725e-03
4.028568e+01	7.013946e-03
4.036335e+01	6.149349e-03
4.045114e+01	6.992511e-03
4.052890e+01	5.983707e-03
4.060677e+01	1.454741e-02
4.068469e+01	6.454500e-03
4.076245e+01	5.399183e-03
4.085050e+01	6.425491e-03
4.092827e+01	5.459501e-03
4.100605e+01	6.896741e-03
4.108406e+01	6.751334e-03
4.116689e+01	7.202140e-03
4.124462e+01	6.967295e-03
4.132240e+01	5.667981e-03
4.141069e+01	6.876535e-03
4.148879e+01	6.478410e-03
4.156720e+01	7.059242e-03
4.164473e+01	6.924730e-03
4.172271e+01	6.969857e-03
4.181059e+01	6.346129e-03
4.188859e+01	6.475914e-03
4.196638e+01	6.597803e-03
4.204428e+01	5.710579e-03
4.212197e+01	6.796924e-03
4.220976e+01	7.071221e-03
4.228767e+01	5.946975e-03
4.232524e+01	8.162037e-03
4.240296e+01	6.650649e-03
4.245067e+01	6.914762e-03
4.252858e+01	6.110569e-03
4.260669e+01	7.074031e-03
4.268478e+01	7.396352e-03
4.276274e+01	6.160545e-03
4.285074e+01	6.107223e-03
4.292855e+01	6.205155e-03
4.300643e+01	6.297742e-03
4.304410e+01	6.595552e-03
4.309188e+01	6.414882e-03
4.312954e+01	8.700455e-03
4.320737e+01	9.360673e-03
4.328535e+01	9.047409e-03
4.336351e+01	1.016474e-02
4.345132e+01	9.135045e-03
4.352903e+01	8.290050e-03
4.360699e+01	1.399356e-02
4.368469e+01	8.599269e-03
4.376272e+01	7.782138e-03
4.385109e+01	1.476167e-02
4.388863e+01	1.444741e-02
4.396628e+01	1.407832e-02
4.404416e+01	1.397132e-02
4.408168e+01	1.277480e-02
4.416946e+01	1.372839e-02
4.420708e+01	1.419346e-02
4.424482e+01	1.391812e-02
4.428228e+01	1.337814e-02
4.437017e+01	8.075772e-03
4.444825e+01	7.257437e-03
4.452615e+01	7.348064e-03
4.460418e+01	8.061624e-03
4.468222e+01	8.164821e-03
4.477027e+01	7.729465e-03
4.484805e+01	6.713866e-03
4.492565e+01	7.309829e-03
4.500335e+01	6.893785e-03
4.509117e+01	6.096206e-03
4.512875e+01	5.326360e-03
4.520673e+01	6.350393e-03
4.528476e+01	5.684492e-03
4.536281e+01	6.274497e-03
4.545116e+01	6.070172e-03
4.552921e+01	5.986098e-03
4.560724e+01	6.397011e-03
4.568524e+01	4.700836e-03
4.576352e+01	7.800659e-03
4.585145e+01	6.724631e-03
4.592933e+01	5.803805e-03
4.600711e+01	6.478938e-03
4.608508e+01	5.374604e-03
4.616283e+01	6.264999e-03
4.625107e+01	6.243998e-03
4.632911e+01	5.970893e-03
4.640726e+01	6.603479e-03
4.648528e+01	5.778841e-03
4.656321e+01	7.611910e-03
4.665114e+01	9.503232e-03
4.672915e+01	7.498784e-03
4.680690e+01	8.566417e-03
4.688481e+01	8.870463e-03
4.696261e+01	8.047333e-03
4.705080e+01	9.948250e-03
4.712856e+01	6.912135e-03
4.720647e+01	9.014242e-03
4.728481e+01	8.053446e-03
4.736258e+01	6.195577e-03
4.745050e+01	6.410204e-03
4.752827e+01	6.708351e-03
4.760618e+01	5.196542e-03
4.768406e+01	6.712032e-03
4.777217e+01	5.848730e-03
4.785028e+01	6.517135e-03
4.792803e+01	8.890130e-03
4.800590e+01	6.514175e-03
4.808376e+01	6.894887e-03
4.817170e+01	1.545099e-02
4.824963e+01	5.572922e-03
4.832753e+01	6.462549e-03
4.840562e+01	6.826536e-03
4.848354e+01	5.619678e-03
4.857140e+01	6.676313e-03
4.864942e+01	4.697683e-03
4.872720e+01	6.719442e-03
4.880537e+01	6.075314e-03
4.888282e+01	5.859463e-03
4.897108e+01	6.032856e-03
4.904887e+01	7.683502e-03
4.912689e+01	6.167709e-03
4.920498e+01	6.929340e-03
4.928298e+01	4.718322e-03
4.936091e+01	8.595706e-03
4.944885e+01	1.402929e-02
4.952659e+01	1.312821e-02
4.960459e+01	1.428220e-02
4.968224e+01	1.344992e-02
4.977031e+01	1.329827e-02
4.984830e+01	1.418613e-02
4.992651e+01	1.351587e-02
5.000468e+01	1.498159e-02
5.008274e+01	1.439130e-02
5.017077e+01	9.037378e-03
5.024862e+01	8.772702e-03
5.032656e+01	8.752987e-03
5.040457e+01	9.322842e-03
5.048231e+01	8.254583e-03
5.057045e+01	9.533838e-03
5.064820e+01	9.043746e-03
5.072609e+01	7.685843e-03
5.080387e+01	8.505491e-03
5.089197e+01	8.490932e-03
5.096981e+01	8.446379e-03
5.104755e+01	7.785116e-03
5.112565e+01	6.080449e-03
5.120339e+01	7.550872e-03
5.129124e+01	5.873148e-03
5.136931e+01	5.934920e-03
5.144739e+01	6.206175e-03
5.152543e+01	5.299150e-03
5.160343e+01	6.481518e-03
5.169159e+01	5.203724e-03
5.176947e+01	5.986551e-03
5.184720e+01	6.568100e-03
5.192518e+01	5.737283e-03
5.200303e+01	7.405166e-03
5.209110e+01	6.909389e-03
5.216901e+01	8.014956e-03
5.224734e+01	8.569506e-03
5.232535e+01	7.325524e-03
5.240337e+01	8.433407e-03
5.249140e+01	8.408952e-03
5.256956e+01	8.394924e-03
5.264745e+01	7.947916e-03
5.272560e+01	7.781199e-03
5.280312e+01	7.370767e-03
5.289097e+01	6.915357e-03
5.296896e+01	6.448630e-03
5.304711e+01	7.582685e-03
5.312499e+01	6.214944e-03
5.320278e+01	7.542037e-03
5.329079e+01	6.647742e-03
5.336854e+01	6.448217e-03
5.344631e+01	7.243745e-03
5.352423e+01	7.111803e-03
5.360228e+01	5.658133e-03
5.369030e+01	7.758491e-03
5.376885e+01	6.693229e-03
5.384646e+01	8.376043e-03
5.392441e+01	6.922136e-03
5.400223e+01	6.556050e-03
5.409026e+01	6.363976e-03
5.416806e+01	7.132010e-03
5.424577e+01	7.227384e-03
5.432364e+01	6.761373e-03
5.441175e+01	7.492043e-03
5.448966e+01	7.027087e-03
5.456791e+01	7.082948e-03
5.464600e+01	7.308085e-03
5.472403e+01	7.674693e-03
5.481185e+01	6.974032e-03
5.488965e+01	8.407492e-03
5.496747e+01	8.167221e-03
5.504548e+01	8.006270e-03
5.512362e+01	9.448504e-03
5.521153e+01	8.695346e-03
5.528935e+01	1.322550e-02
5.536774e+01	1.298319e-02
5.544555e+01	1.329962e-02
5.552332e+01	1.386742e-02
5.561135e+01	1.314856e-02
5.568978e+01	1.202113e-02
5.576748e+01	1.115960e-02
5.584534e+01	9.603521e-03
5.592325e+01	1.035521e-02
5.601109e+01	9.104697e-03
5.604869e+01	8.232215e-03
5.608624e+01	8.969283e-03
5.612396e+01	8.648268e-03
5.621178e+01	7.100787e-03
5.624984e+01	8.621004e-03
5.628760e+01	6.399128e-03
5.632516e+01	4.697864e-03
5.636286e+01	6.299713e-03
5.641050e+01	6.501342e-03
5.644813e+01	4.707688e-03
5.648575e+01	5.996864e-03
5.652340e+01	5.544856e-03
5.661147e+01	6.178991e-03
5.668947e+01	5.555986e-03
5.676753e+01	6.686616e-03
5.684552e+01	5.259685e-03
5.692374e+01	7.432665e-03
5.701158e+01	4.606248e-03
5.708965e+01	6.181742e-03
5.716761e+01	5.675367e-03
5.724532e+01	5.326381e-03
5.732322e+01	7.158494e-03
5.741107e+01	5.916405e-03
5.748912e+01	6.012980e-03
5.756733e+01	6.503608e-03
5.764518e+01	5.024994e-03
5.772328e+01	6.351845e-03
5.781133e+01	8.358273e-03
5.788920e+01	5.334658e-03
5.796709e+01	7.346439e-03
5.804523e+01	5.762643e-03
5.812309e+01	6.800512e-03
5.821096e+01	6.240329e-03
5.828871e+01	5.713788e-03
5.836695e+01	6.935927e-03
5.844503e+01	5.468873e-03
5.852319e+01	6.636330e-03
5.861159e+01	7.147553e-03
5.868942e+01	6.286909e-03
5.876748e+01	6.393657e-03
5.884532e+01	5.671860e-03
5.892316e+01	6.808596e-03
5.901126e+01	6.080428e-03
5.908898e+01	5.742466e-03
5.916675e+01	6.703912e-03
5.924456e+01	6.023704e-03
5.932235e+01	5.652882e-03
5.941045e+01	7.851159e-03
5.948824e+01	4.997096e-03
5.956585e+01	5.932574e-03
5.964360e+01	6.559224e-03
5.969126e+01	5.893773e-03
5.976908e+01	5.761653e-03
5.980665e+01	7.510330e-03
5.984416e+01	5.450943e-03
5.988215e+01	6.805365e-03
5.997004e+01	5.906029e-03
6.004808e+01	6.405979e-03
6.012583e+01	5.500023e-03
6.020368e+01	6.542933e-03
6.025161e+01	6.413858e-03
6.028931e+01	5.286121e-03
6.036725e+01	7.520173e-03
6.044508e+01	5.206919e-03
6.048277e+01	6.205447e-03
6.053059e+01	7.211725e-03
6.056840e+01	4.808282e-03
6.060604e+01	6.005114e-03
6.068380e+01	6.508852e-03
6.073139e+01	5.652516e-03
6.076897e+01	5.539579e-03
6.084684e+01	7.651399e-03
6.088442e+01	4.975277e-03
6.092416e+01	6.620283e-03
6.101156e+01	6.499687e-03
6.108974e+01	5.891748e-03
6.116749e+01	6.248764e-03
6.120506e+01	5.294666e-03
6.124281e+01	7.064150e-03
6.129042e+01	5.814801e-03
6.132795e+01	6.501931e-03
6.136552e+01	4.881759e-03
6.140308e+01	6.639609e-03
6.148111e+01	5.847558e-03
6.156936e+01	8.126579e-03
6.164729e+01	5.521614e-03
6.172516e+01	5.831131e-03
6.180298e+01	6.043120e-03
6.185067e+01	5.872940e-03
6.188828e+01	6.042308e-03
6.192605e+01	5.935842e-03
6.200392e+01	7.410367e-03
6.204154e+01	5.079657e-03
6.208941e+01	6.805180e-03
6.216721e+01	1.642309e-02
6.220479e+01	5.869337e-03
6.224237e+01	4.908305e-03
6.228997e+01	5.478888e-03
6.232753e+01	5.675629e-03
6.236528e+01	5.268736e-03
6.244330e+01	5.148081e-03
6.252123e+01	5.785521e-03
6.260899e+01	5.817570e-03
6.268693e+01	6.292189e-03
6.272464e+01	5.678933e-03
6.276231e+01	4.799653e-03
6.280985e+01	6.402695e-03
6.284740e+01	6.925538e-03
6.288499e+01	5.185764e-03
6.292280e+01	5.799300e-03
6.301075e+01	5.709921e-03
6.304828e+01	7.208640e-03
6.308630e+01	7.081563e-03
6.312392e+01	5.435238e-03
6.316162e+01	6.925719e-03
6.320930e+01	5.609596e-03
6.324700e+01	5.180794e-03
6.328459e+01	7.239244e-03
6.332217e+01	4.825348e-03
6.336973e+01	6.320232e-03
6.340746e+01	6.932185e-03
6.348682e+01	3.119883e-03
6.352283e+01	7.306457e-03
6.357070e+01	7.448566e-03
6.364861e+01	6.044054e-03
6.368636e+01	6.594781e-03
6.372400e+01	1.221140e-02
6.376167e+01	1.260594e-02
6.384940e+01	1.228678e-02
6.388710e+01	1.329450e-02
6.392468e+01	1.296319e-02
6.396229e+01	1.199979e-02
6.401025e+01	1.270128e-02
6.404776e+01	1.318582e-02
6.408532e+01	1.236328e-02
6.412305e+01	1.262681e-02
6.421122e+01	1.314679e-02
6.428923e+01	1.243276e-02
6.432664e+01	1.347561e-02
6.436439e+01	1.292883e-02
6.440191e+01	1.209735e-02
6.447958e+01	1.132455e-02
6.452736e+01	1.294809e-02
6.460512e+01	1.127441e-02
6.464285e+01	1.138481e-02
6.472059e+01	1.245993e-02
6.476826e+01	1.117413e-02
6.480590e+01	1.118506e-02
6.484373e+01	1.304309e-02
6.488118e+01	7.804006e-03
6.496940e+01	9.509300e-04
6.504755e+01	2.012286e-03
6.512553e+01	1.517412e-02
6.520454e+01	1.835418e-02
6.528232e+01	7.268751e-03
6.591357e+01	8.880671e-03
6.600160e+01	7.870189e-03
6.608951e+01	6.081046e-03
6.616744e+01	7.754574e-03
6.620506e+01	6.209792e-03
6.628290e+01	5.566830e-03
6.637095e+01	7.044007e-03
6.640852e+01	5.711499e-03
6.648643e+01	5.522397e-03
6.656462e+01	6.576215e-03
6.664249e+01	5.349223e-03
6.673047e+01	6.312243e-03
6.680835e+01	5.339342e-03
6.688606e+01	5.620016e-03
6.692378e+01	5.724307e-03
6.700158e+01	5.692161e-03
6.708946e+01	5.538373e-03
6.716738e+01	5.456625e-03
6.724538e+01	5.906173e-03
6.732351e+01	6.175601e-03
6.740156e+01	5.724760e-03
6.747950e+01	5.566583e-03
6.756784e+01	7.062489e-03
6.764570e+01	4.676354e-03
6.772352e+01	6.370242e-03
6.780145e+01	5.358124e-03
6.788941e+01	6.273515e-03
6.796735e+01	6.316920e-03
6.804528e+01	6.210043e-03
6.812332e+01	6.371074e-03
6.820134e+01	6.212116e-03
6.828949e+01	6.144494e-03
6.836737e+01	6.741501e-03
6.844533e+01	6.217885e-03
6.852309e+01	5.944996e-03
6.861116e+01	7.078886e-03
6.868918e+01	5.597150e-03
6.876735e+01	6.926418e-03
6.884516e+01	6.462339e-03
6.892331e+01	6.030018e-03
6.900130e+01	7.654736e-03
6.908942e+01	5.122526e-03
6.916740e+01	8.251233e-03
6.924528e+01	6.129823e-03
6.932302e+01	6.199602e-03
6.941103e+01	6.562605e-03
6.948877e+01	6.020741e-03
6.956660e+01	6.550833e-03
6.964464e+01	6.351322e-03
6.972255e+01	6.671698e-03
6.981067e+01	6.657720e-03
6.988874e+01	6.684088e-03
6.996691e+01	6.137921e-03
7.004484e+01	6.481306e-03
7.012265e+01	5.877224e-03
7.021061e+01	6.600448e-03
7.028840e+01	6.511126e-03
7.036641e+01	6.068568e-03
7.044447e+01	6.741970e-03
7.052243e+01	6.025070e-03
7.061059e+01	5.939188e-03
7.068855e+01	7.442947e-03
7.076648e+01	5.602928e-03
7.084412e+01	7.225252e-03
7.092197e+01	6.239986e-03
7.100969e+01	4.941982e-03
7.108764e+01	7.160413e-03
7.116557e+01	5.910204e-03
7.124357e+01	6.322051e-03
7.132166e+01	5.756694e-03
7.140958e+01	7.140373e-03
7.148743e+01	6.927794e-03
7.156520e+01	6.514205e-03
7.164299e+01	5.299700e-03
7.173090e+01	6.958475e-03
7.180874e+01	5.808573e-03
7.188660e+01	6.190383e-03
7.196472e+01	6.523425e-03
7.204248e+01	6.006069e-03
7.212040e+01	6.609130e-03
7.220823e+01	5.771205e-03
7.228616e+01	5.828845e-03
7.236408e+01	7.197953e-03
7.244185e+01	6.199056e-03
7.252968e+01	5.594036e-03
7.260781e+01	6.816765e-03
7.268578e+01	5.087363e-03
7.276383e+01	6.693085e-03
7.284189e+01	6.073390e-03
7.293030e+01	7.518871e-03
7.300807e+01	6.710739e-03
7.308581e+01	4.983397e-03
7.316382e+01	6.750541e-03
7.324155e+01	6.356849e-03
7.332949e+01	5.284206e-03
7.340749e+01	6.748899e-03
7.348541e+01	6.204290e-03
7.356331e+01	5.874341e-03
7.364124e+01	1.544155e-02
7.372922e+01	5.566330e-03
7.380713e+01	6.006343e-03
7.388490e+01	5.854587e-03
7.396365e+01	5.929065e-03
7.404130e+01	6.012272e-03
7.411902e+01	5.238539e-03
7.420699e+01	5.958617e-03
7.428511e+01	6.053231e-03
7.436322e+01	5.941036e-03
7.445112e+01	6.404204e-03
7.452884e+01	5.616362e-03
7.460658e+01	1.376559e-02
7.468440e+01	1.551203e-02
7.476215e+01	1.420246e-02
7.485020e+01	1.483609e-02
7.492837e+01	1.516105e-02
7.500622e+01	1.517454e-02
7.508417e+01	1.547072e-02
7.516212e+01	7.865172e-03
7.525027e+01	8.842959e-03
7.532793e+01	9.071598e-03
7.540580e+01	7.707854e-03
7.548374e+01	8.787038e-03
7.556154e+01	8.539693e-03
7.564972e+01	7.512043e-03
7.572783e+01	8.513272e-03
7.580598e+01	7.338796e-03
7.588407e+01	9.254333e-03
7.596196e+01	8.150232e-03
7.604989e+01	7.588543e-03
7.612765e+01	1.320039e-02
7.620563e+01	7.699770e-03
7.628341e+01	8.327543e-03
7.636124e+01	7.652758e-03
7.644913e+01	7.375062e-03
7.652703e+01	7.000577e-03
7.660502e+01	6.397851e-03
7.668306e+01	7.545202e-03
7.677109e+01	7.062211e-03
7.684887e+01	7.542694e-03
7.692668e+01	8.395402e-03
7.700463e+01	7.397163e-03
7.708263e+01	6.794643e-03
7.717060e+01	7.789539e-03
7.724857e+01	7.967451e-03
7.732658e+01	8.483885e-03
7.740465e+01	7.208162e-03
7.748237e+01	5.398368e-03
7.757048e+01	8.242859e-03
7.764827e+01	7.456846e-03
7.772597e+01	6.944478e-03
7.780391e+01	7.686110e-03
7.788194e+01	6.726851e-03
7.797012e+01	7.037381e-03
7.804808e+01	7.067031e-03
7.812712e+01	8.143726e-03
7.820455e+01	7.271085e-03
7.828243e+01	6.498598e-03
7.837047e+01	7.821607e-03
7.844836e+01	6.520470e-03
7.852636e+01	5.940707e-03
7.860427e+01	7.546176e-03
7.868234e+01	6.999803e-03
7.877052e+01	7.908735e-03
7.884858e+01	7.513052e-03
7.892662e+01	6.948498e-03
7.900442e+01	7.081702e-03
7.908221e+01	6.998957e-03
7.917014e+01	7.788451e-03
7.924800e+01	6.995778e-03
7.932574e+01	6.914688e-03
7.940384e+01	7.528460e-03
7.948184e+01	6.318412e-03
7.957000e+01	7.515710e-03
7.964797e+01	7.512700e-03
7.972566e+01	6.660752e-03
7.980372e+01	7.669657e-03
7.988154e+01	6.368217e-03
7.996953e+01	7.000754e-03
8.004734e+01	7.926439e-03
8.012512e+01	6.356731e-03
8.020285e+01	7.374832e-03
8.029112e+01	6.769553e-03
8.036912e+01	7.186683e-03
8.044716e+01	7.726041e-03
8.052497e+01	6.957474e-03
8.060280e+01	7.913013e-03
8.069095e+01	7.768883e-03
8.076881e+01	7.930528e-03
8.084673e+01	6.322760e-03
8.092470e+01	7.970049e-03
8.100233e+01	6.713208e-03
8.109037e+01	8.038070e-03
8.116845e+01	6.455458e-03
8.124622e+01	7.381995e-03
8.132609e+01	6.743855e-03
8.140362e+01	7.788370e-03
8.148133e+01	7.067155e-03
8.156938e+01	6.998183e-03
8.164744e+01	1.646373e-02
8.172538e+01	6.295417e-03
8.180329e+01	7.278801e-03
8.188099e+01	6.208056e-03
8.196910e+01	6.199561e-03
8.204685e+01	6.988499e-03
8.212474e+01	5.898011e-03
8.220269e+01	6.761689e-03
8.229067e+01	6.820413e-03
8.236869e+01	5.961020e-03
8.244669e+01	7.336066e-03
8.252467e+01	6.470946e-03
8.260235e+01	6.460707e-03
8.269013e+01	7.092131e-03
8.276793e+01	6.654058e-03
8.284573e+01	9.084647e-03
8.292365e+01	1.294922e-02
8.300159e+01	1.424766e-02
8.308985e+01	1.361097e-02
8.316787e+01	1.439704e-02
8.324594e+01	1.189398e-02
8.332379e+01	8.785069e-03
8.340157e+01	8.740398e-03
8.347944e+01	8.306590e-03
8.356728e+01	8.619710e-03
8.364519e+01	8.912748e-03
8.372307e+01	7.337063e-03
8.381096e+01	8.986944e-03
8.388911e+01	8.093044e-03
8.396813e+01	8.903907e-03
8.404617e+01	8.587486e-03
8.412425e+01	8.510549e-03
8.420217e+01	7.377838e-03
8.429004e+01	1.253786e-02
8.436785e+01	1.339707e-02
8.444546e+01	7.959005e-03
8.452346e+01	6.267757e-03
8.460145e+01	7.251237e-03
8.468954e+01	4.954361e-03
8.476752e+01	6.093935e-03
8.484543e+01	5.998150e-03
8.492345e+01	7.310714e-03
8.500129e+01	6.896325e-03
8.509089e+01	6.929170e-03
8.516839e+01	6.242060e-03
8.524621e+01	5.408311e-03
8.532404e+01	6.538475e-03
8.540187e+01	6.015985e-03
8.547990e+01	5.727431e-03
8.556862e+01	6.032005e-03
8.564647e+01	5.489505e-03
8.572417e+01	6.492158e-03
8.580198e+01	5.627200e-03
8.589015e+01	6.139522e-03
8.596801e+01	6.553573e-03
8.604608e+01	5.095535e-03
8.612406e+01	6.550695e-03
8.620201e+01	5.802082e-03
8.629026e+01	7.137830e-03
8.636835e+01	6.316378e-03
8.644621e+01	5.426301e-03
8.652394e+01	6.008575e-03
8.660165e+01	6.346058e-03
8.668966e+01	5.009829e-03
8.676759e+01	6.487688e-03
8.684558e+01	5.221054e-03
8.692405e+01	6.871669e-03
8.700166e+01	5.744882e-03
8.708956e+01	5.421961e-03
8.716747e+01	6.346774e-03
8.724539e+01	5.987244e-03
8.732316e+01	5.282518e-03
8.741106e+01	6.737596e-03
8.748904e+01	5.249106e-03
8.756699e+01	5.132638e-03
8.764510e+01	6.129241e-03
8.772331e+01	5.765890e-03
8.780138e+01	5.542405e-03
8.788932e+01	6.563045e-03
8.796724e+01	6.955527e-03
8.804506e+01	5.341410e-03
8.812276e+01	5.557442e-03
8.821058e+01	6.530500e-03
8.828848e+01	5.231701e-03
8.836629e+01	5.067136e-03
8.844432e+01	7.102285e-03
8.852258e+01	4.867282e-03
8.861066e+01	6.336352e-03
8.868856e+01	5.695579e-03
8.876630e+01	5.241836e-03
8.884402e+01	6.263155e-03
8.892186e+01	6.862607e-03
8.901008e+01	5.176825e-03
8.908795e+01	6.692349e-03
8.916572e+01	5.442608e-03
8.924370e+01	5.962313e-03
8.932184e+01	7.247061e-03
8.940983e+01	5.886350e-03
8.948763e+01	6.312658e-03
8.956546e+01	6.032232e-03
8.964342e+01	1.646585e-02
8.972115e+01	6.634015e-03
8.980922e+01	4.338063e-03
8.988717e+01	6.155379e-03
8.996513e+01	5.660127e-03
9.004293e+01	4.934761e-03
9.013074e+01	7.030285e-03
9.020871e+01	5.261765e-03
9.028675e+01	5.690928e-03
9.036457e+01	6.258526e-03
9.044275e+01	4.981771e-03
9.053103e+01	6.339514e-03
9.060916e+01	5.690759e-03
9.068713e+01	6.993791e-03
9.076506e+01	6.978874e-03
9.084318e+01	6.272857e-03
9.093111e+01	7.312249e-03
9.100896e+01	5.985627e-03
9.108677e+01	6.813166e-03
9.116459e+01	7.211354e-03
9.124234e+01	6.945833e-03
9.133021e+01	6.365429e-03
9.140820e+01	8.377189e-03
9.148604e+01	5.878969e-03
9.156416e+01	9.188478e-03
9.164211e+01	7.107647e-03
9.173017e+01	7.364211e-03
9.180803e+01	8.269732e-03
9.188577e+01	7.004706e-03
9.196385e+01	8.577792e-03
9.204174e+01	8.378207e-03
9.212943e+01	7.953081e-03
9.220745e+01	9.964933e-03
9.228545e+01	9.623000e-03
9.236316e+01	9.241714e-03
9.245112e+01	1.009196e-02
9.252978e+01	8.953601e-03
9.260755e+01	1.010157e-02
9.268527e+01	9.424375e-03
9.276316e+01	9.091977e-03
9.284116e+01	9.280072e-03
9.292916e+01	9.349912e-03
9.300787e+01	8.915654e-03
9.308566e+01	8.601578e-03
9.316337e+01	6.674248e-03
9.324124e+01	8.302588e-03
9.332906e+01	4.990343e-03
9.340712e+01	6.682439e-03
9.348492e+01	6.423835e-03
9.356296e+01	6.342173e-03
9.365110e+01	7.440714e-03
9.372911e+01	5.766127e-03
9.380732e+01	7.753292e-03
9.388535e+01	7.197117e-03
9.396324e+01	7.419926e-03
9.404094e+01	7.522598e-03
9.412895e+01	6.834709e-03
9.420671e+01	7.042166e-03
9.428450e+01	7.462049e-03
9.436244e+01	6.376039e-03
9.445069e+01	7.603958e-03
9.452870e+01	7.053283e-03
9.460675e+01	7.517791e-03
9.468450e+01	6.424950e-03
9.476230e+01	5.649973e-03
9.485043e+01	7.071809e-03
9.492839e+01	5.912736e-03
9.500627e+01	5.915860e-03
9.508400e+01	6.945005e-03
9.516198e+01	6.500909e-03
9.525024e+01	6.479141e-03
9.532827e+01	6.555256e-03
9.540630e+01	5.663243e-03
9.548415e+01	7.050487e-03
9.556191e+01	6.293239e-03
9.564973e+01	5.892040e-03
9.572753e+01	7.005389e-03
9.580541e+01	6.271277e-03
9.588342e+01	6.337809e-03
9.596155e+01	6.719359e-03
9.604957e+01	6.919775e-03
9.612774e+01	6.899212e-03
9.620555e+01	5.880237e-03
9.628338e+01	6.531923e-03
9.636122e+01	7.074799e-03
9.644930e+01	5.789189e-03
9.652714e+01	6.471294e-03
9.660502e+01	6.695708e-03
9.668309e+01	5.298311e-03
9.677127e+01	7.203425e-03
9.684921e+01	5.709021e-03
9.692733e+01	7.349619e-03
9.700507e+01	6.511715e-03
9.708284e+01	5.667712e-03
9.717081e+01	6.325923e-03
9.724851e+01	6.382642e-03
9.732636e+01	5.993715e-03
9.740431e+01	7.066920e-03
9.748229e+01	5.571208e-03
9.757030e+01	6.887843e-03
9.764807e+01	1.674555e-02
9.772581e+01	5.469972e-03
9.780367e+01	6.030288e-03
9.788141e+01	6.297595e-03
9.796941e+01	5.079047e-03
9.804751e+01	6.034144e-03
9.812722e+01	6.486487e-03
9.820344e+01	5.536228e-03
9.828152e+01	6.104859e-03
9.836947e+01	5.033597e-03
9.844741e+01	6.407790e-03
9.852517e+01	5.877749e-03
9.860307e+01	5.281773e-03
9.869096e+01	6.794665e-03
9.876892e+01	5.626132e-03
9.885208e+01	7.823357e-03
9.893012e+01	6.573403e-03
9.900812e+01	6.756501e-03
9.908613e+01	5.896104e-03
9.916408e+01	6.518496e-03
9.924183e+01	6.821212e-03
9.932975e+01	6.321994e-03
9.940751e+01	5.952042e-03
9.948539e+01	6.687212e-03
9.956318e+01	6.198254e-03
9.964116e+01	7.113906e-03
9.972932e+01	5.537273e-03
9.980749e+01	7.081890e-03
9.988521e+01	6.992289e-03
9.996300e+01	5.851459e-03
1.000509e+02	6.941334e-03
1.001287e+02	5.975604e-03
1.002068e+02	7.053435e-03
1.002850e+02	5.867496e-03
1.003631e+02	6.405592e-03
1.004512e+02	6.554362e-03
1.005294e+02	7.423103e-03
1.006074e+02	6.690481e-03
1.006851e+02	6.694371e-03
1.007633e+02	6.406858e-03
1.008509e+02	6.947211e-03
1.009289e+02	5.690287e-03
1.010067e+02	5.625560e-03
1.010847e+02	7.189398e-03
1.011627e+02	5.468115e-03
1.012509e+02	6.527880e-03
1.013291e+02	5.588342e-03
1.014072e+02	7.054710e-03
1.014852e+02	6.523221e-03
1.015629e+02	5.953668e-03
1.016510e+02	6.876713e-03
1.017287e+02	1.449251e-02
1.018066e+02	1.337499e-02
1.018847e+02	1.414677e-02
1.019627e+02	1.210338e-02
1.020508e+02	1.567382e-02
1.021288e+02	1.335576e-02
1.022066e+02	1.284352e-02
1.022844e+02	1.405781e-02
1.023622e+02	1.288278e-02
1.024501e+02	1.346510e-02
1.025278e+02	1.266103e-02
1.026059e+02	1.263805e-02
1.026840e+02	1.385595e-02
1.027620e+02	1.393448e-02
1.028500e+02	1.347707e-02
1.029280e+02	1.333558e-02
1.030057e+02	1.316179e-02
1.030835e+02	1.144239e-02
1.031613e+02	1.418268e-02
1.032493e+02	7.235293e-03
1.033273e+02	8.454361e-03
1.034065e+02	7.575822e-03
1.034833e+02	6.835771e-03
1.035613e+02	9.209138e-03
1.036492e+02	4.867289e-03
1.037270e+02	5.731245e-03
1.038048e+02	6.197647e-03
1.038828e+02	7.624536e-03
1.039708e+02	5.043078e-03
1.040486e+02	6.830269e-03
1.041266e+02	6.310060e-03
1.042048e+02	6.930059e-03
1.042830e+02	5.502607e-03
1.043710e+02	7.219526e-03
1.044489e+02	6.007837e-03
1.045267e+02	6.269277e-03
1.046046e+02	7.081273e-03
1.046827e+02	5.410861e-03
1.047706e+02	6.942072e-03
1.048487e+02	6.072796e-03
1.049269e+02	6.078030e-03
1.050048e+02	7.071353e-03
1.050827e+02	5.054235e-03
1.051706e+02	6.903558e-03
1.052483e+02	4.691438e-03
1.053261e+02	5.908163e-03
1.054038e+02	6.138368e-03
1.054818e+02	6.520682e-03
1.055699e+02	5.650190e-03
1.056479e+02	1.747969e-02
1.057260e+02	5.045037e-03
1.058041e+02	6.390356e-03
1.058818e+02	5.084953e-03
1.059699e+02	5.211621e-03
1.060476e+02	5.779830e-03
1.061256e+02	5.786455e-03
1.062037e+02	5.556116e-03
1.062817e+02	5.182210e-03
1.063700e+02	6.000907e-03
1.064478e+02	5.376754e-03
1.065258e+02	5.986620e-03
1.066037e+02	4.988726e-03
1.066815e+02	6.526886e-03
1.067697e+02	4.994325e-03
1.068476e+02	6.118411e-03
1.069257e+02	4.581024e-03
1.070038e+02	7.319183e-03
1.070819e+02	5.279912e-03
1.071703e+02	7.918934e-03
1.072481e+02	5.555091e-03
1.073260e+02	5.519925e-03
1.074039e+02	6.572054e-03
1.074818e+02	6.948852e-03
1.075699e+02	6.001013e-03
1.076476e+02	7.542172e-03
1.077258e+02	4.638585e-03
1.078039e+02	6.873447e-03
1.078819e+02	6.584650e-03
1.079700e+02	4.982107e-03
1.080479e+02	7.790268e-03
1.081257e+02	4.840476e-03
1.082036e+02	6.884849e-03
1.082814e+02	5.219389e-03
1.083692e+02	6.346843e-03
1.084472e+02	6.322107e-03
1.085249e+02	6.389291e-03
1.086027e+02	4.438025e-03
1.086908e+02	8.649989e-03
1.087688e+02	4.403968e-03
1.088466e+02	6.619739e-03
1.089245e+02	7.408314e-03
1.090023e+02	5.659759e-03
1.090903e+02	6.505760e-03
1.091683e+02	6.555658e-03
1.092465e+02	5.083024e-03
1.093245e+02	7.479664e-03
1.094024e+02	5.289734e-03
1.094906e+02	7.387710e-03
1.095683e+02	6.230040e-03
1.096460e+02	5.359286e-03
1.097238e+02	7.003723e-03
1.098018e+02	4.888505e-03
1.098896e+02	6.533966e-03
1.099677e+02	6.322386e-03
1.100458e+02	6.489139e-03
1.101238e+02	5.378881e-03
1.102017e+02	6.653367e-03
1.102897e+02	5.083942e-03
1.103677e+02	7.666769e-03
1.104455e+02	4.952957e-03
1.105234e+02	6.609734e-03
1.106012e+02	8.345549e-03
1.106892e+02	8.369492e-03
1.107672e+02	8.632659e-03
1.108453e+02	9.217625e-03
1.109233e+02	8.440754e-03
1.110013e+02	9.116963e-03
1.110791e+02	7.507844e-03
1.111670e+02	8.637838e-03
1.112448e+02	8.844343e-03
1.113229e+02	8.119009e-03
1.114108e+02	8.957780e-03
1.114887e+02	8.309551e-03
1.115667e+02	9.493640e-03
1.116448e+02	8.735639e-03
1.117226e+02	7.997246e-03
1.118006e+02	8.031395e-03
1.118885e+02	8.047754e-03
1.119684e+02	7.990493e-03
1.120464e+02	8.623989e-03
1.121245e+02	8.246968e-03
1.122026e+02	8.120343e-03
1.122908e+02	7.933611e-03
1.123699e+02	8.419243e-03
1.124467e+02	7.727144e-03
1.125246e+02	8.009506e-03
1.126024e+02	6.957718e-03
1.126905e+02	7.114822e-03
1.127684e+02	6.776810e-03
1.128462e+02	7.544295e-03
1.129241e+02	7.180522e-03
1.130021e+02	6.553466e-03
1.130801e+02	7.594078e-03
1.131683e+02	8.256979e-03
1.132461e+02	6.807442e-03
1.133240e+02	7.232312e-03
1.134020e+02	6.282278e-03
1.134902e+02	7.759667e-03
1.135678e+02	6.911507e-03
1.136457e+02	1.611544e-02
1.137237e+02	7.993857e-03
1.138018e+02	5.615515e-03
1.138898e+02	6.648050e-03
1.139676e+02	6.527747e-03
1.140454e+02	5.767027e-03
1.141231e+02	6.691484e-03
1.142009e+02	5.924709e-03
1.142889e+02	6.249475e-03
1.143670e+02	6.243761e-03
1.144451e+02	6.071962e-03
1.145231e+02	6.541957e-03
1.146112e+02	6.271289e-03
1.146890e+02	5.505760e-03
1.147669e+02	6.554681e-03
1.148446e+02	7.081232e-03
1.149222e+02	5.380102e-03
1.150100e+02	7.839755e-03
1.150880e+02	6.737954e-03
1.151660e+02	7.134385e-03
1.152441e+02	7.400608e-03
1.153221e+02	5.001445e-03
1.154101e+02	9.189680e-03
1.154881e+02	6.838902e-03
1.155659e+02	6.993607e-03
1.156440e+02	7.412554e-03
1.157217e+02	5.270418e-03
1.157995e+02	7.656278e-03
1.158877e+02	7.606846e-03
1.159656e+02	5.470369e-03
1.160437e+02	8.292087e-03
1.161218e+02	6.522748e-03
1.162100e+02	6.495046e-03
1.162885e+02	6.988058e-03
1.163664e+02	7.012415e-03
1.164440e+02	8.022199e-03
1.165220e+02	5.146632e-03
1.166099e+02	7.518473e-03
1.166879e+02	6.718769e-03
1.167659e+02	6.265408e-03
1.168440e+02	7.152946e-03
1.169221e+02	7.244061e-03
1.170101e+02	7.428054e-03
1.170878e+02	6.852378e-03
1.171657e+02	6.221769e-03
1.172434e+02	7.581037e-03
1.173211e+02	7.037357e-03
1.174089e+02	5.758441e-03
1.174870e+02	7.758885e-03
1.175649e+02	6.248872e-03
1.176431e+02	7.471381e-03
1.177312e+02	6.425193e-03
1.177991e+02	6.782003e-03
1.178870e+02	7.670227e-03
1.179648e+02	6.896303e-03
1.180426e+02	6.832824e-03
1.181305e+02	7.411152e-03
1.182084e+02	6.217205e-03
1.182862e+02	7.156991e-03
1.183642e+02	7.677826e-03
1.184425e+02	6.761346e-03
1.185302e+02	7.373756e-03
1.186082e+02	6.326878e-03
1.186860e+02	6.615518e-03
1.187639e+02	7.051057e-03
1.188419e+02	6.940479e-03
1.189301e+02	8.016797e-03
1.190080e+02	5.721901e-03
1.190860e+02	7.444028e-03
1.191639e+02	1.048241e-02
1.192419e+02	6.354658e-03
1.193299e+02	7.141465e-03
1.194077e+02	6.746898e-03
1.194856e+02	6.307712e-03
1.195634e+02	7.536321e-03
1.196414e+02	6.160250e-03
1.197295e+02	9.832459e-03
1.198075e+02	9.594613e-03
1.198857e+02	1.057116e-02
1.199636e+02	1.013919e-02
1.200415e+02	9.591337e-03
1.201294e+02	9.079241e-03
1.202072e+02	1.012779e-02
1.202852e+02	8.636212e-03
1.203628e+02	9.473969e-03
1.204510e+02	8.785056e-03
1.205290e+02	8.272187e-03
1.206070e+02	8.991508e-03
1.206854e+02	7.560194e-03
1.207632e+02	1.405211e-02
1.208411e+02	1.259840e-02
1.209292e+02	1.337883e-02
1.210069e+02	1.364760e-02
1.210847e+02	1.278465e-02
1.211628e+02	1.336199e-02
1.212508e+02	1.390083e-02
1.213288e+02	1.285477e-02
1.214067e+02	7.154700e-03
1.214847e+02	8.113028e-03
1.215624e+02	6.474538e-03
1.216503e+02	1.528732e-02
1.217280e+02	5.032582e-03
1.218057e+02	5.330369e-03
1.218834e+02	6.608424e-03
1.219614e+02	5.241923e-03
1.220495e+02	6.861913e-03
1.221276e+02	6.370826e-03
1.222057e+02	7.105317e-03
1.222835e+02	7.268297e-03
1.223612e+02	6.584916e-03
1.224493e+02	5.818704e-03
1.225269e+02	7.616395e-03
1.226049e+02	6.044421e-03
1.226831e+02	7.375378e-03
1.227710e+02	5.763944e-03
1.228489e+02	7.346144e-03
1.229268e+02	7.620645e-03
1.230047e+02	6.949016e-03
1.230825e+02	5.649587e-03
1.231703e+02	7.770018e-03
1.232483e+02	6.078918e-03
1.233260e+02	6.817435e-03
1.234040e+02	5.903669e-03
1.234824e+02	7.102125e-03
1.235706e+02	7.352416e-03
1.236486e+02	6.159006e-03
1.237264e+02	7.089840e-03
1.238043e+02	6.039582e-03
1.238821e+02	6.869705e-03
1.239728e+02	7.009699e-03
1.240506e+02	7.649539e-03
1.241286e+02	5.191813e-03
1.242069e+02	7.694472e-03
1.242849e+02	6.561375e-03
1.243628e+02	7.884177e-03
1.244509e+02	5.775930e-03
1.245287e+02	6.370900e-03
1.246064e+02	7.626258e-03
1.246841e+02	6.524184e-03
1.247620e+02	6.513349e-03
1.248499e+02	5.905151e-03
1.249279e+02	7.135354e-03
1.250059e+02	7.030797e-03
1.250840e+02	7.382884e-03
1.251619e+02	4.930896e-03
1.252500e+02	7.563812e-03
1.253278e+02	7.060101e-03
1.254056e+02	6.442156e-03
1.254835e+02	6.941173e-03
1.255612e+02	6.084572e-03
1.256494e+02	6.525889e-03
1.257275e+02	6.337638e-03
1.258057e+02	6.199672e-03
1.258838e+02	8.533721e-03
1.259618e+02	5.910192e-03
1.260497e+02	7.762096e-03
1.261276e+02	6.377060e-03
1.262053e+02	6.641336e-03
1.262831e+02	6.852267e-03
1.263611e+02	6.241122e-03
1.264494e+02	7.475601e-03
1.265275e+02	5.925804e-03
1.266054e+02	6.997581e-03
1.266831e+02	6.544651e-03
1.267610e+02	6.627514e-03
1.268488e+02	5.994927e-03
1.269265e+02	7.340554e-03
1.270046e+02	7.529602e-03
1.270826e+02	6.019094e-03
1.271706e+02	7.434729e-03
1.272487e+02	6.878067e-03
1.273265e+02	7.428131e-03
1.274044e+02	6.531012e-03
1.274822e+02	7.223530e-03
1.275703e+02	6.863428e-03
1.276482e+02	6.338458e-03
1.277263e+02	7.208905e-03
1.278042e+02	7.190183e-03
1.278822e+02	6.345317e-03
1.279704e+02	7.541865e-03
1.280486e+02	6.379161e-03
1.281266e+02	7.326180e-03
1.282045e+02	7.073189e-03
1.282824e+02	7.164070e-03
1.283703e+02	7.282424e-03
1.284482e+02	7.047975e-03
1.285262e+02	6.615810e-03
1.286042e+02	1.724973e-02
1.286822e+02	1.264126e-02
1.287705e+02	1.538818e-02
1.288484e+02	1.399851e-02
1.289262e+02	1.409185e-02
1.290040e+02	1.448048e-02
1.290826e+02	1.352433e-02
1.291703e+02	1.399490e-02
1.292482e+02	1.347789e-02
1.293261e+02	1.373660e-02
1.294043e+02	1.410039e-02
1.294823e+02	9.027879e-03
1.295703e+02	9.724587e-03
1.296480e+02	1.431830e-02
1.297258e+02	8.489286e-03
1.298036e+02	8.577885e-03
1.298813e+02	7.820490e-03
1.299696e+02	7.873612e-03
1.300475e+02	7.660212e-03
1.301254e+02	6.570836e-03
1.302035e+02	7.996804e-03
1.302814e+02	6.509031e-03
1.303691e+02	7.299444e-03
1.304472e+02	7.626535e-03
1.305251e+02	5.868933e-03
1.306030e+02	6.951510e-03
1.306911e+02	6.726571e-03
1.307690e+02	6.140070e-03
1.308471e+02	7.795646e-03
1.309252e+02	6.481433e-03
1.310032e+02	7.968037e-03
1.310812e+02	7.655452e-03
1.311692e+02	6.985786e-03
1.312471e+02	7.549401e-03
1.313248e+02	6.657366e-03
1.314026e+02	6.753623e-03
1.314905e+02	7.528701e-03
1.315683e+02	7.452924e-03
1.316463e+02	7.346223e-03
1.317245e+02	6.106033e-03
1.318026e+02	7.930699e-03
1.318908e+02	7.379514e-03
1.319687e+02	5.266074e-03
1.320465e+02	7.596016e-03
1.321243e+02	6.992708e-03
1.322023e+02	5.357716e-03
1.322904e+02	8.093313e-03
1.323683e+02	6.534783e-03
1.324463e+02	6.361638e-03
1.325243e+02	7.105198e-03
1.326025e+02	7.574439e-03
1.326904e+02	6.534316e-03
1.327683e+02	6.422248e-03
1.328461e+02	6.887967e-03
1.329240e+02	6.971518e-03
1.330017e+02	6.417360e-03
1.330798e+02	6.370433e-03
1.331678e+02	6.585184e-03
1.332458e+02	8.103755e-03
1.333240e+02	6.990636e-03
1.334019e+02	6.479535e-03
1.334897e+02	6.290606e-03
1.335675e+02	7.330864e-03
1.336454e+02	5.917190e-03
1.337232e+02	7.376757e-03
1.338012e+02	6.682264e-03
1.338892e+02	6.080707e-03
1.339677e+02	8.909687e-03
1.340453e+02	6.437746e-03
1.341231e+02	6.609916e-03
1.342110e+02	7.668496e-03
1.342888e+02	7.186076e-03
1.343667e+02	7.245084e-03
1.344447e+02	7.939108e-03
1.345227e+02	8.405838e-03
1.346108e+02	8.029484e-03
1.346889e+02	8.001585e-03
1.347670e+02	8.993471e-03
1.348448e+02	7.180500e-03
1.349228e+02	8.603305e-03
1.350109e+02	7.799951e-03
1.350885e+02	6.296134e-03
1.351664e+02	7.707187e-03
1.352443e+02	7.190480e-03
1.353222e+02	6.784726e-03
1.354104e+02	7.890081e-03
1.354884e+02	6.520723e-03
1.355662e+02	7.407558e-03
1.356440e+02	7.406562e-03
1.357218e+02	6.446147e-03
1.357999e+02	7.606364e-03
1.358878e+02	6.837610e-03
1.359659e+02	6.890379e-03
1.360439e+02	7.424331e-03
1.361219e+02	6.997275e-03
1.362101e+02	1.058496e-02
1.362881e+02	8.232284e-03
1.363660e+02	8.729119e-03
1.364443e+02	8.458501e-03
1.365216e+02	6.699401e-03
1.366095e+02	6.721112e-03
1.366874e+02	7.816350e-03
1.367654e+02	7.467982e-03
1.368435e+02	9.374262e-03
1.369216e+02	7.601801e-03
1.370102e+02	7.963890e-03
1.370880e+02	7.265236e-03
1.371658e+02	6.326064e-03
1.372438e+02	7.399871e-03
1.373217e+02	6.048651e-03
1.374098e+02	8.319338e-03
1.374879e+02	7.085538e-03
1.375657e+02	7.436293e-03
1.376437e+02	1.710407e-02
1.377218e+02	7.111880e-03
1.377996e+02	8.719736e-03
1.378876e+02	8.577518e-03
1.379654e+02	7.932625e-03
1.380434e+02	9.212011e-03
1.381213e+02	8.053928e-03
1.382093e+02	8.437255e-03
1.382873e+02	8.608742e-03
1.383650e+02	7.383684e-03
1.384429e+02	7.632847e-03
1.385307e+02	7.758070e-03
1.386087e+02	5.808649e-03
1.386868e+02	7.566497e-03
1.387649e+02	5.778880e-03
1.388429e+02	7.093955e-03
1.389309e+02	6.259096e-03
1.390089e+02	6.045342e-03
1.390869e+02	7.190058e-03
1.391649e+02	6.354590e-03
1.392435e+02	7.681674e-03
1.393214e+02	7.343530e-03
1.394094e+02	7.311754e-03
1.394874e+02	7.571421e-03
1.395653e+02	7.113859e-03
1.396431e+02	7.702007e-03
1.397210e+02	7.945233e-03
1.398090e+02	7.977111e-03
1.398870e+02	8.421871e-03
1.399651e+02	7.035250e-03
1.400432e+02	7.668779e-03
1.401209e+02	6.585537e-03
1.402087e+02	6.002963e-03
1.402866e+02	7.263271e-03
1.403646e+02	5.562762e-03
1.404425e+02	5.806308e-03
1.405306e+02	6.572937e-03
1.406086e+02	5.233466e-03
1.406867e+02	6.535403e-03
1.407647e+02	5.678320e-03
1.408429e+02	7.050083e-03
1.409304e+02	6.611744e-03
1.410081e+02	5.293268e-03
1.410859e+02	6.440403e-03
1.411638e+02	6.228335e-03
1.412419e+02	5.046331e-03
1.413301e+02	6.669301e-03
1.414084e+02	5.952452e-03
1.414862e+02	5.989636e-03
1.415641e+02	6.456854e-03
1.416420e+02	5.037516e-03
1.417299e+02	6.334433e-03
1.418078e+02	6.511867e-03
1.418856e+02	6.616551e-03
1.419637e+02	6.220901e-03
1.420417e+02	5.397040e-03
1.421297e+02	7.016929e-03
1.422078e+02	5.875552e-03
1.422857e+02	6.307237e-03
1.423636e+02	6.526063e-03
1.424414e+02	5.516941e-03
1.425295e+02	6.826381e-03
1.426072e+02	5.538804e-03
1.426853e+02	5.729857e-03
1.427633e+02	6.530583e-03
1.428415e+02	5.222925e-03
1.429296e+02	6.131484e-03
1.430074e+02	6.219927e-03
1.430852e+02	5.302102e-03
1.431630e+02	6.460719e-03
1.432508e+02	5.614375e-03
1.433285e+02	5.065614e-03
1.434064e+02	6.535056e-03
1.434846e+02	5.645896e-03
1.435631e+02	5.972090e-03
1.436511e+02	7.699195e-03
1.437292e+02	5.091714e-03
1.438071e+02	6.224681e-03
1.438849e+02	5.966756e-03
1.439627e+02	5.216970e-03
1.440507e+02	6.452097e-03
1.441285e+02	5.793757e-03
1.442064e+02	5.440324e-03
1.442848e+02	5.865291e-03
1.443627e+02	5.254193e-03
1.444511e+02	6.919116e-03
1.445290e+02	5.552357e-03
1.446067e+02	5.690117e-03
1.446846e+02	6.432775e-03
1.447624e+02	5.339743e-03
1.448502e+02	5.306837e-03
1.449283e+02	6.362915e-03
1.450062e+02	5.534935e-03
1.450844e+02	6.576411e-03
1.451624e+02	7.871292e-03
1.452503e+02	3.813706e-03
1.453280e+02	7.807959e-03
1.454059e+02	5.391915e-03
1.454840e+02	6.209503e-03
1.455618e+02	6.186922e-03
1.456497e+02	1.387673e-02
1.457277e+02	7.176561e-03
1.458055e+02	4.902875e-03
1.458834e+02	5.376372e-03
1.459614e+02	5.716844e-03
1.460493e+02	4.503543e-03
1.461269e+02	5.386146e-03
1.462049e+02	5.831256e-03
1.462830e+02	4.459000e-03
1.463713e+02	6.814838e-03
1.464492e+02	5.181793e-03
1.465273e+02	6.743159e-03
1.466053e+02	5.508705e-03
1.466831e+02	5.698281e-03
1.467711e+02	1.360654e-02
1.468490e+02	1.258392e-02
1.469269e+02	1.326323e-02
1.470048e+02	1.312210e-02
1.470828e+02	1.393212e-02
1.471706e+02	1.394031e-02
1.472486e+02	7.615372e-03
1.473266e+02	1.008350e-02
1.474045e+02	8.935935e-03
1.474821e+02	8.125094e-03
1.475701e+02	8.290980e-03
1.476479e+02	9.511004e-03
1.477256e+02	7.737209e-03
1.478037e+02	9.469663e-03
1.478818e+02	7.788146e-03
1.479699e+02	9.068642e-03
1.480480e+02	9.373502e-03
1.481260e+02	7.480349e-03
1.482040e+02	9.291081e-03
1.482819e+02	8.682505e-03
1.483698e+02	7.620468e-03
1.484478e+02	8.688170e-03
1.485256e+02	7.419222e-03
1.486033e+02	7.269503e-03
1.486818e+02	7.043281e-03
1.487699e+02	7.235479e-03
1.488479e+02	7.464410e-03
1.489260e+02	7.678927e-03
1.490040e+02	7.673022e-03
1.490818e+02	7.130435e-03
1.491697e+02	8.702559e-03
1.492474e+02	8.207837e-03
1.493252e+02	7.387794e-03
1.494031e+02	8.764464e-03
1.494812e+02	7.349752e-03
1.495689e+02	7.160905e-03
1.496468e+02	6.844957e-03
1.497246e+02	7.499507e-03
1.498023e+02	6.324737e-03
1.498902e+02	7.793192e-03
1.499680e+02	6.635681e-03
1.500459e+02	7.670788e-03
1.501238e+02	7.740068e-03
1.502017e+02	8.336202e-03
1.502899e+02	6.050702e-03
1.503680e+02	8.973928e-03
1.504459e+02	6.427711e-03
1.505237e+02	7.365667e-03
1.506016e+02	7.304829e-03
1.506895e+02	6.563407e-03
1.507676e+02	7.964392e-03
1.508455e+02	6.019273e-03
1.509233e+02	7.167273e-03
1.510012e+02	7.980175e-03
1.510791e+02	6.553255e-03
1.511672e+02	8.794465e-03
1.512450e+02	6.426237e-03
1.513229e+02	6.950195e-03
1.514109e+02	8.024813e-03
1.514887e+02	7.342538e-03
1.515669e+02	6.319519e-03
1.516448e+02	7.929435e-03
1.517226e+02	6.507935e-03
1.518006e+02	7.763043e-03
1.518884e+02	7.596417e-03
1.519664e+02	6.307577e-03
1.520442e+02	8.146690e-03
1.521220e+02	7.341811e-03
1.522099e+02	6.132505e-03
1.522877e+02	7.960491e-03
1.523656e+02	6.911054e-03
1.524440e+02	7.859245e-03
1.525220e+02	8.207213e-03
1.526100e+02	6.526601e-03
1.526880e+02	8.008595e-03
1.527658e+02	6.682907e-03
1.528437e+02	7.853501e-03
1.529215e+02	7.039052e-03
1.530095e+02	8.185580e-03
1.530875e+02	8.069960e-03
1.531656e+02	8.061392e-03
1.532435e+02	8.062251e-03
1.533214e+02	8.043796e-03
1.534092e+02	6.286921e-03
1.534876e+02	7.690551e-03
1.535654e+02	7.689702e-03
1.536431e+02	1.844769e-02
1.537209e+02	7.143696e-03
1.538090e+02	6.143150e-03
1.538867e+02	6.392705e-03
1.539646e+02	7.257802e-03
1.540424e+02	6.180344e-03
1.541304e+02	6.846998e-03
1.542083e+02	6.786398e-03
1.542865e+02	6.070757e-03
1.543647e+02	7.146490e-03
1.544427e+02	5.688474e-03
1.545308e+02	7.230478e-03
1.546089e+02	7.153009e-03
1.546870e+02	6.836576e-03
1.547647e+02	6.986321e-03
1.548425e+02	5.866187e-03
1.549303e+02	7.496208e-03
1.550079e+02	7.743640e-03
1.550860e+02	6.195413e-03
1.551641e+02	7.482071e-03
1.552421e+02	6.709774e-03
1.553305e+02	7.459108e-03
1.554083e+02	7.521053e-03
1.554864e+02	7.054123e-03
1.555644e+02	7.823424e-03
1.556424e+02	8.263322e-03
1.557303e+02	9.675183e-03
1.558081e+02	9.267888e-03
1.558860e+02	8.290165e-03
1.559637e+02	9.003419e-03
1.560417e+02	9.564356e-03
1.561298e+02	8.148424e-03
1.562078e+02	1.071426e-02
1.562860e+02	8.814779e-03
1.563636e+02	9.048461e-03
1.564413e+02	9.347752e-03
1.565292e+02	7.990306e-03
1.566072e+02	9.305810e-03
1.566853e+02	7.967459e-03
1.567632e+02	8.745449e-03
1.568516e+02	8.605915e-03
1.569300e+02	8.722980e-03
1.570080e+02	8.513099e-03
1.570861e+02	1.003842e-02
1.571642e+02	8.525527e-03
1.572420e+02	8.104786e-03
1.573301e+02	8.412411e-03
1.574079e+02	5.239411e-03
1.574857e+02	8.626001e-03
1.575636e+02	9.307644e-03
1.576416e+02	6.895419e-03
1.577295e+02	7.598472e-03
1.578076e+02	8.088553e-03
1.578856e+02	7.683022e-03
1.579634e+02	8.144678e-03
1.580412e+02	7.903669e-03
1.581292e+02	1.910737e-03
1.582069e+02	1.225309e-02
1.582848e+02	1.021365e-03
1.583627e+02	1.011546e-02
1.584509e+02	5.178553e-03
1.585289e+02	6.415690e-03
1.586068e+02	7.530232e-03
1.586845e+02	8.264647e-03
1.587624e+02	5.651042e-03
1.588504e+02	7.711465e-03
1.589222e+02	2.281550e-03
1.590102e+02	1.119413e-02
1.590881e+02	4.859408e-03
1.591662e+02	6.949714e-03
1.592443e+02	8.096250e-03
1.593222e+02	6.637584e-03
1.594102e+02	6.591741e-03
1.594879e+02	7.663730e-03
1.595656e+02	7.839691e-03
1.596436e+02	7.639966e-03
1.597216e+02	7.671059e-03
1.597996e+02	2.349045e-03
1.598877e+02	1.123663e-02
1.599657e+02	6.757741e-03
1.600435e+02	9.141079e-03
1.601212e+02	6.485055e-03
1.602090e+02	5.708280e-03
1.602870e+02	7.413396e-03
1.603647e+02	7.387421e-03
1.604427e+02	6.697570e-03
1.605307e+02	7.753466e-03
1.606088e+02	6.774245e-03
1.606870e+02	1.891566e-03
1.607650e+02	1.108799e-02
1.608429e+02	5.187018e-03
1.609307e+02	8.680497e-03
1.610090e+02	6.654494e-03
1.610872e+02	8.992727e-03
1.611650e+02	6.051068e-03
1.612432e+02	8.329403e-03
1.613313e+02	6.374041e-03
1.614093e+02	5.403055e-03
1.614872e+02	1.021127e-02
1.615652e+02	1.924133e-03
1.616431e+02	1.528623e-02
1.617209e+02	6.238979e-03
1.618088e+02	5.657383e-03
1.618867e+02	5.808891e-03
1.619645e+02	7.266158e-03
1.620430e+02	6.315575e-03
1.621308e+02	6.291373e-03
1.622087e+02	3.819188e-03
1.622866e+02	6.811986e-03
1.623645e+02	7.636992e-03
1.624421e+02	6.763840e-03
1.625300e+02	6.859847e-03
1.626078e+02	7.458834e-03
1.626857e+02	6.206473e-03
1.627638e+02	7.225533e-03
1.628418e+02	7.010173e-03
1.629298e+02	6.606385e-03
1.630078e+02	2.425595e-03
1.630858e+02	1.147312e-02
1.631638e+02	1.722438e-03
1.632416e+02	9.828570e-03
1.633298e+02	4.835194e-03
1.634076e+02	8.554438e-03
1.634854e+02	6.182811e-03
1.635632e+02	6.343820e-03
1.636413e+02	7.590193e-03
1.637293e+02	8.880308e-03
1.638072e+02	1.377995e-02
1.638851e+02	1.737539e-02
1.639635e+02	1.430069e-02
1.640412e+02	1.083177e-02
1.641291e+02	9.864943e-03
1.642069e+02	1.057646e-02
1.642850e+02	1.142874e-02
1.643628e+02	1.150018e-02
1.644507e+02	1.379340e-02
1.645286e+02	1.318959e-02
1.646064e+02	1.317833e-02
1.646843e+02	1.365571e-02
1.647620e+02	1.238806e-02
1.648497e+02	1.348552e-02
1.649276e+02	9.526666e-03
1.650053e+02	8.411521e-03
1.650830e+02	7.057211e-03
1.651610e+02	1.222333e-02
1.652488e+02	6.938860e-03
1.653269e+02	6.727083e-03
1.654049e+02	7.610683e-03
1.654831e+02	7.622622e-03
1.655710e+02	6.960297e-03
1.656488e+02	6.366472e-03
1.657266e+02	5.368809e-03
1.658044e+02	6.118127e-03
1.658421e+02	5.931127e-03
1.659319e+02	6.390945e-03
1.660099e+02	5.944972e-03
1.660879e+02	6.184552e-03
1.661661e+02	4.447942e-03
1.662439e+02	6.144058e-03
1.663219e+02	5.333191e-03
1.664099e+02	5.296074e-03
1.664879e+02	5.836750e-03
1.665661e+02	5.925415e-03
1.666442e+02	7.889575e-03
1.667220e+02	5.481262e-03
1.668098e+02	6.985274e-03
1.668878e+02	5.912530e-03
1.669655e+02	6.375808e-03
1.670434e+02	5.445069e-03
1.671214e+02	6.244657e-03
1.672094e+02	5.918584e-03
1.672875e+02	7.970704e-03
1.673655e+02	5.465606e-03
1.674432e+02	5.860650e-03
1.675212e+02	6.152906e-03
1.676091e+02	5.626836e-03
1.676869e+02	6.260708e-03
1.677647e+02	5.914420e-03
1.678428e+02	5.573479e-03
1.679208e+02	6.837377e-03
1.680088e+02	6.087141e-03
1.680869e+02	6.097488e-03
1.681651e+02	5.067160e-03
1.682430e+02	5.813440e-03
1.683209e+02	6.670036e-03
1.684087e+02	5.755976e-03
1.684866e+02	1.516100e-02
1.685646e+02	1.318122e-02
1.686423e+02	1.226820e-02
1.687203e+02	1.312591e-02
1.688085e+02	1.321594e-02
1.688864e+02	1.422957e-02
1.689645e+02	1.392446e-02
1.690424e+02	1.286240e-02
1.691201e+02	1.331344e-02
1.692081e+02	8.738082e-03
1.692858e+02	7.721179e-03
1.693635e+02	8.453007e-03
1.694415e+02	8.632103e-03
1.695297e+02	8.039692e-03
1.696077e+02	9.762796e-03
1.696857e+02	8.007425e-03
1.697636e+02	7.991316e-03
1.698414e+02	8.567756e-03
1.699293e+02	6.819921e-03
1.700071e+02	8.060332e-03
1.700849e+02	7.972348e-03
1.701628e+02	6.993548e-03
1.702411e+02	9.709157e-03
1.703291e+02	6.708073e-03
1.704071e+02	9.546689e-03
1.704851e+02	7.356816e-03
1.705629e+02	7.671893e-03
1.706407e+02	9.525721e-03
1.707285e+02	1.006067e-02
1.708065e+02	1.088601e-02
1.708844e+02	1.454944e-02
1.709622e+02	1.339849e-02
1.710402e+02	1.357352e-02
1.711279e+02	1.379715e-02
1.712060e+02	1.138332e-02
1.712838e+02	1.202009e-02
1.713617e+02	1.201541e-02
1.714495e+02	1.132353e-02
1.715273e+02	1.226294e-02
1.716052e+02	1.222276e-02
1.716829e+02	1.104222e-02
1.717608e+02	1.206495e-02
1.718487e+02	1.129509e-02
1.719266e+02	1.105209e-02
1.720043e+02	1.197246e-02
1.720821e+02	1.111397e-02
1.721297e+02	1.085972e-02
1.722076e+02	1.189002e-02
1.722454e+02	1.102433e-02
1.722828e+02	1.086461e-02
1.723205e+02	1.160983e-02
1.724083e+02	1.243538e-02
1.724460e+02	1.142916e-02
1.724836e+02	1.186260e-02
1.725212e+02	1.171253e-02
1.725689e+02	1.079532e-02
1.726066e+02	1.157523e-02
1.726443e+02	1.247690e-02
1.726819e+02	1.175741e-02
1.727697e+02	1.105719e-02
1.728073e+02	1.159492e-02
1.728450e+02	1.068214e-02
1.728847e+02	1.101135e-02
1.729221e+02	9.704307e-03
1.729698e+02	9.216306e-03
1.730074e+02	1.036654e-02
1.730450e+02	7.855584e-03
1.730828e+02	7.645243e-03
1.731204e+02	8.980263e-03
1.732083e+02	9.139956e-03
1.732459e+02	1.150526e-02
1.733239e+02	1.372685e-02
1.734019e+02	1.361686e-02
1.734898e+02	1.335538e-02
1.735675e+02	1.371270e-02
1.736053e+02	1.299153e-02
1.736836e+02	1.394842e-02
1.737209e+02	1.031913e-02
1.737686e+02	8.535461e-03
1.738062e+02	7.545002e-03
1.738440e+02	7.475206e-03
1.739219e+02	7.487338e-03
1.740000e+02	7.013073e-03
1.740880e+02	7.505173e-03
1.741659e+02	6.387298e-03
1.742440e+02	7.746444e-03
1.743220e+02	6.741644e-03
1.744097e+02	6.737947e-03
1.744472e+02	7.077673e-03
1.745251e+02	6.986063e-03
1.746030e+02	6.221106e-03
1.746810e+02	6.669777e-03
1.747693e+02	5.813238e-03
1.748472e+02	6.815093e-03
1.749253e+02	5.339199e-03
1.750030e+02	5.478516e-03
1.750812e+02	6.407665e-03
1.751692e+02	4.757166e-03
1.752471e+02	6.053215e-03
1.753249e+02	6.063231e-03
1.754027e+02	5.316720e-03
1.754808e+02	6.772752e-03
1.755691e+02	5.612081e-03
1.756469e+02	5.881918e-03
1.757250e+02	6.186643e-03
1.758032e+02	5.164070e-03
1.758813e+02	7.033258e-03
1.759592e+02	5.740479e-03
1.760472e+02	7.842217e-03
1.761249e+02	6.468009e-03
1.762028e+02	5.843754e-03
1.762807e+02	7.108682e-03
1.763684e+02	6.637237e-03
1.764463e+02	5.731723e-03
1.765243e+02	6.998119e-03
1.766023e+02	5.828387e-03
1.766805e+02	6.577060e-03
1.767685e+02	6.506926e-03
1.768462e+02	5.768365e-03
1.769243e+02	7.186771e-03
1.770020e+02	6.147524e-03
1.770898e+02	6.447707e-03
1.771678e+02	7.185128e-03
1.772458e+02	6.030895e-03
1.773238e+02	6.985019e-03
1.774017e+02	6.392741e-03
1.774895e+02	6.044850e-03
1.775675e+02	7.274660e-03
1.776452e+02	6.539290e-03
1.777231e+02	5.433084e-03
1.778010e+02	7.514430e-03
1.778891e+02	5.992115e-03
1.779672e+02	6.798193e-03
1.780451e+02	6.541399e-03
1.781232e+02	6.389138e-03
1.782011e+02	6.895499e-03
1.782890e+02	5.813348e-03
1.783668e+02	6.434112e-03
1.784445e+02	7.055697e-03
1.785223e+02	6.033155e-03
1.786004e+02	6.388591e-03
1.786784e+02	6.523068e-03
1.787665e+02	5.917884e-03
1.788446e+02	7.100228e-03
1.789228e+02	4.957032e-03
1.790010e+02	7.162973e-03
1.790890e+02	6.166877e-03
1.791667e+02	6.170193e-03
1.792446e+02	7.165406e-03
1.793224e+02	5.264253e-03
1.794003e+02	6.584718e-03
1.794881e+02	7.301010e-03
1.795661e+02	5.624076e-03
1.796441e+02	6.988244e-03
1.797219e+02	5.916688e-03
1.798098e+02	5.654156e-03
1.798876e+02	6.544512e-03
1.799654e+02	6.164953e-03
1.800432e+02	5.494850e-03
1.801210e+02	6.823309e-03
1.802090e+02	5.363101e-03
1.802870e+02	6.039241e-03
1.803649e+02	6.133971e-03
1.804429e+02	6.965105e-03
1.805209e+02	6.372776e-03
1.806087e+02	1.348563e-02
1.806865e+02	5.476236e-03
1.807643e+02	6.040680e-03
1.808422e+02	5.626361e-03
1.809302e+02	5.563557e-03
1.810082e+02	5.680669e-03
1.810863e+02	5.333752e-03
1.811646e+02	6.083093e-03
1.812426e+02	5.005244e-03
1.813204e+02	6.474448e-03
1.814084e+02	6.047093e-03
1.814862e+02	6.628504e-03
1.815640e+02	6.083931e-03
1.816420e+02	1.603755e-02
1.817299e+02	1.205364e-02
1.818080e+02	1.477981e-02
1.818860e+02	1.385238e-02
1.819640e+02	1.437754e-02
1.820417e+02	1.427778e-02
1.821297e+02	1.336197e-02
1.822076e+02	1.488353e-02
1.822854e+02	1.352723e-02
1.823634e+02	1.035009e-02
1.824412e+02	9.488273e-03
1.825294e+02	8.229105e-03
1.826073e+02	9.886517e-03
1.826852e+02	8.864567e-03
1.827629e+02	7.729909e-03
1.828408e+02	9.703645e-03
1.829287e+02	7.716317e-03
1.830064e+02	8.034908e-03
1.830844e+02	8.750941e-03
1.831626e+02	6.595160e-03
1.832406e+02	8.492136e-03
1.833287e+02	5.706578e-03
1.834067e+02	6.950826e-03
1.834865e+02	6.320572e-03
1.835640e+02	7.745391e-03
1.836419e+02	7.219884e-03
1.837297e+02	6.217498e-03
1.838074e+02	7.641059e-03
1.838853e+02	8.974314e-03
1.839631e+02	4.245818e-03
1.840414e+02	7.492083e-03
1.841295e+02	9.107818e-03
1.842075e+02	6.433700e-03
1.842854e+02	8.399650e-03
1.843632e+02	5.560086e-03
1.844414e+02	8.852211e-03
1.845296e+02	5.950489e-03
1.846072e+02	6.457430e-03
1.846849e+02	8.816344e-03
1.847628e+02	4.385813e-03
1.848408e+02	9.638778e-03
1.849286e+02	5.001960e-03
1.850064e+02	9.846651e-03
1.850842e+02	5.328036e-03
1.851621e+02	5.909397e-03
1.852398e+02	6.079106e-03
1.853277e+02	7.349507e-03
1.854057e+02	5.637366e-03
1.854837e+02	8.863009e-03
1.855615e+02	6.254093e-03
1.856499e+02	8.300517e-03
1.857274e+02	6.319488e-03
1.858053e+02	6.465188e-03
1.858833e+02	6.608192e-03
1.859611e+02	7.412025e-03
1.860490e+02	6.002805e-03
1.861274e+02	9.587718e-03
1.862050e+02	5.304350e-03
1.862830e+02	8.073159e-03
1.863613e+02	6.470486e-03
1.864491e+02	4.954235e-03
1.865269e+02	8.879112e-03
1.866049e+02	5.029878e-03
1.866827e+02	6.285256e-03
1.867607e+02	7.142542e-03
1.868487e+02	8.512829e-03
1.869268e+02	5.290117e-03
1.870048e+02	9.187259e-03
1.870830e+02	5.699375e-03
1.871610e+02	9.187193e-03
1.872488e+02	4.901311e-03
1.873265e+02	8.243889e-03
1.874045e+02	5.775053e-03
1.874823e+02	7.207145e-03
1.875601e+02	5.852700e-03
1.876481e+02	8.863132e-03
1.877262e+02	5.122821e-03
1.878041e+02	1.020532e-02
1.878820e+02	4.890405e-03
1.879598e+02	7.119168e-03
1.880477e+02	6.105602e-03
1.881253e+02	8.528527e-03
1.882032e+02	4.112545e-03
1.882812e+02	7.815113e-03
1.883693e+02	6.210195e-03
1.884473e+02	6.920647e-03
1.885255e+02	9.463846e-03
1.886032e+02	1.898145e-02
1.886809e+02	6.227916e-03
1.887687e+02	6.731839e-03
1.888466e+02	5.635552e-03
1.889244e+02	8.584163e-03
1.890021e+02	5.558901e-03
1.890800e+02	6.310511e-03
1.891680e+02	6.920874e-03
1.892456e+02	5.673942e-03
1.893237e+02	6.136065e-03
1.894016e+02	6.245625e-03
1.894896e+02	5.627170e-03
1.895678e+02	6.901376e-03
1.896458e+02	5.249917e-03
1.897239e+02	6.643176e-03
1.898019e+02	6.079150e-03
1.898900e+02	5.754413e-03
1.899681e+02	6.799559e-03
1.900461e+02	5.472914e-03
1.901240e+02	6.491794e-03
1.902018e+02	6.126963e-03
1.902898e+02	5.383052e-03
1.903681e+02	1.565903e-02
1.904456e+02	7.601998e-03
1.905236e+02	9.464011e-03
1.906015e+02	1.032430e-02
1.906794e+02	9.631565e-03
1.907673e+02	1.011646e-02
1.908450e+02	9.088845e-03
1.909229e+02	8.405417e-03
1.910006e+02	8.767065e-03
1.910888e+02	8.047517e-03
1.911666e+02	7.788117e-03
1.912444e+02	8.801717e-03
1.913223e+02	7.404481e-03
1.914007e+02	9.317276e-03
1.914888e+02	7.849295e-03
1.915668e+02	8.254614e-03
1.916447e+02	8.585635e-03
1.917225e+02	6.909303e-03
1.918003e+02	8.016152e-03
1.918881e+02	7.936146e-03
1.919659e+02	6.986134e-03
1.920439e+02	8.663471e-03
1.921220e+02	6.495169e-03
1.922103e+02	6.983078e-03
1.922882e+02	6.286421e-03
1.923661e+02	7.086942e-03
1.924440e+02	6.978391e-03
1.925219e+02	6.726955e-03
1.926098e+02	5.881026e-03
1.926875e+02	7.871381e-03
1.927654e+02	6.163887e-03
1.928432e+02	6.169084e-03
1.929211e+02	7.389871e-03
1.930091e+02	6.199202e-03
1.930870e+02	8.122353e-03
1.931647e+02	7.127067e-03
1.932423e+02	6.051500e-03
1.933201e+02	5.541801e-03
1.934079e+02	7.364593e-03
1.934857e+02	5.893467e-03
1.935635e+02	6.771987e-03
1.936415e+02	6.041618e-03
1.937296e+02	6.362917e-03
1.938077e+02	7.384924e-03
1.938856e+02	6.220597e-03
1.939636e+02	6.192003e-03
1.940415e+02	6.665949e-03
1.941293e+02	5.419141e-03
1.942070e+02	6.650919e-03
1.942849e+02	5.835785e-03
1.943630e+02	6.305500e-03
1.944411e+02	7.118942e-03
1.945293e+02	5.358415e-03
1.946073e+02	7.055612e-03
1.946850e+02	6.530350e-03
1.947628e+02	4.753872e-03
1.948436e+02	7.851188e-03
1.949215e+02	1.346898e-02
1.950095e+02	1.518410e-02
1.950875e+02	1.426076e-02
1.951654e+02	8.732315e-03
1.952435e+02	1.036968e-02
1.953214e+02	8.003666e-03
1.954093e+02	8.512048e-03
1.954869e+02	8.469467e-03
1.955647e+02	8.137999e-03
1.956424e+02	7.498556e-03
1.957201e+02	9.011660e-03
1.958081e+02	7.746051e-03
1.958859e+02	8.669277e-03
1.959639e+02	8.568964e-03
1.960418e+02	7.360164e-03
1.961303e+02	9.200509e-03
1.962075e+02	8.398384e-03
1.962855e+02	7.298317e-03
1.963631e+02	8.681890e-03
1.964411e+02	7.387031e-03
1.965293e+02	8.217418e-03
1.966073e+02	1.600764e-02
1.966855e+02	5.184864e-03
1.967634e+02	5.796824e-03
1.968413e+02	5.549757e-03
1.969292e+02	5.632280e-03
1.970070e+02	7.712718e-03
1.970848e+02	5.348870e-03
1.971628e+02	7.008665e-03
1.972408e+02	6.998415e-03
1.973288e+02	5.909111e-03
1.974067e+02	7.897845e-03
1.974846e+02	6.388609e-03
1.975623e+02	6.236245e-03
1.976400e+02	6.995178e-03
1.977279e+02	6.153211e-03
1.978057e+02	6.294268e-03
1.978837e+02	8.310150e-03
1.979618e+02	5.461634e-03
1.980499e+02	7.823620e-03
1.981278e+02	6.410299e-03
1.982057e+02	6.441535e-03
1.982836e+02	6.898729e-03
1.983614e+02	6.161954e-03
1.984492e+02	6.391824e-03
1.985275e+02	8.090689e-03
1.986051e+02	5.107154e-03
1.986828e+02	6.822005e-03
1.987607e+02	7.003549e-03
1.988486e+02	5.904594e-03
1.989268e+02	7.983304e-03
1.990046e+02	6.391640e-03
1.990823e+02	7.149859e-03
1.991600e+02	6.177517e-03
1.992478e+02	6.614043e-03
1.993258e+02	6.590650e-03
1.994038e+02	7.043293e-03
1.994818e+02	5.880859e-03
1.995701e+02	1.482341e-02
1.996480e+02	1.389879e-02
1.997259e+02	1.589346e-02
1.998037e+02	1.419642e-02
1.998815e+02	1.013175e-02
1.999691e+02	9.645540e-03
2.000469e+02	1.039866e-02
2.001246e+02	9.577041e-03
2.002025e+02	9.291020e-03
2.002818e+02	9.054669e-03
2.003700e+02	9.086707e-03
2.004477e+02	8.591168e-03
2.005255e+02	7.638885e-03
2.006033e+02	7.170358e-03
2.006811e+02	8.577533e-03
2.007688e+02	7.969716e-03
2.008468e+02	7.805849e-03
2.009248e+02	7.874887e-03
2.010028e+02	7.137567e-03
2.010809e+02	8.772426e-03
2.011689e+02	7.517241e-03
2.012467e+02	8.642429e-03
2.013246e+02	7.660436e-03
2.014024e+02	7.086031e-03
2.014802e+02	6.842484e-03
2.015682e+02	7.484530e-03
2.016458e+02	6.427008e-03
2.017238e+02	8.962382e-03
2.018017e+02	7.941663e-03
2.018904e+02	8.307197e-03
2.019681e+02	8.931306e-03
2.020458e+02	7.187798e-03
2.021237e+02	7.772507e-03
2.022014e+02	6.307379e-03
2.022896e+02	7.464933e-03
2.023674e+02	6.468026e-03
2.024453e+02	7.888774e-03
2.025233e+02	7.636304e-03
2.026014e+02	6.583786e-03
2.026894e+02	8.078201e-03
2.027673e+02	6.661079e-03
2.028451e+02	6.637945e-03
2.029228e+02	7.148111e-03
2.030007e+02	7.568340e-03
2.030885e+02	5.887353e-03
2.031664e+02	6.332863e-03
2.032443e+02	7.897729e-03
2.033221e+02	6.433333e-03
2.034000e+02	8.062406e-03
2.034880e+02	7.365112e-03
2.035659e+02	5.891122e-03
2.036436e+02	6.254564e-03
2.037214e+02	6.507055e-03
2.038094e+02	8.234374e-03
2.038874e+02	5.910198e-03
2.039715e+02	7.113887e-03
2.040392e+02	1.109744e-02
2.041274e+02	9.338020e-03
2.042053e+02	1.053233e-02
2.042834e+02	1.036811e-02
2.043610e+02	1.030754e-02
2.044488e+02	9.401764e-03
2.045266e+02	9.364282e-03
2.046046e+02	1.661848e-02
2.046823e+02	8.174684e-03
2.047600e+02	8.827412e-03
2.048479e+02	9.683595e-03
2.049258e+02	7.800478e-03
2.050036e+02	8.742091e-03
2.050833e+02	8.902834e-03
2.051692e+02	7.504594e-03
2.052475e+02	8.375863e-03
2.053253e+02	7.797949e-03
2.054033e+02	7.580469e-03
2.054811e+02	8.329779e-03
2.055689e+02	6.467937e-03
2.056466e+02	7.667739e-03
2.057243e+02	7.509424e-03
2.058021e+02	7.103386e-03
2.058799e+02	6.731624e-03
2.059681e+02	6.623946e-03
2.060460e+02	5.929369e-03
2.061240e+02	9.033305e-03
2.062019e+02	7.843700e-03
2.062898e+02	8.269617e-03
2.063674e+02	7.834308e-03
2.064454e+02	7.074018e-03
2.065232e+02	6.867768e-03
2.066012e+02	7.688587e-03
2.066891e+02	7.655784e-03
2.067668e+02	7.627782e-03
2.068446e+02	7.637007e-03
2.068821e+02	7.375474e-03
2.069197e+02	7.320331e-03
2.070075e+02	7.394176e-03
2.070451e+02	7.669790e-03
2.070827e+02	6.816701e-03
2.071205e+02	6.367253e-03
2.071683e+02	7.782690e-03
2.072060e+02	6.680717e-03
2.072838e+02	7.813285e-03
2.073214e+02	7.725153e-03
2.073691e+02	6.802871e-03
2.074469e+02	7.306509e-03
2.074845e+02	7.232714e-03
2.075623e+02	7.063986e-03
2.076436e+02	8.034486e-03
2.076735e+02	7.474960e-03
2.077238e+02	6.154535e-03
2.077643e+02	8.989578e-03
2.078044e+02	7.923459e-03
2.078446e+02	4.951466e-03
2.079251e+02	8.651710e-03
2.079554e+02	1.098761e-02
2.079956e+02	6.962562e-03
2.080359e+02	8.343275e-03
2.080762e+02	1.204567e-02
2.081164e+02	8.047479e-03
2.081968e+02	1.523968e-02
2.082779e+02	1.419982e-02
2.083174e+02	1.453205e-02
2.083577e+02	1.342607e-02
2.083980e+02	1.858417e-02
2.084786e+02	1.219251e-02
2.085188e+02	1.409666e-02
2.085591e+02	1.547442e-02
2.086396e+02	1.321135e-02
2.086798e+02	1.411600e-02
2.087603e+02	1.296193e-02
2.088007e+02	1.493724e-02
2.088810e+02	1.434022e-02
2.089615e+02	1.392001e-02
2.090017e+02	5.799505e-03
2.090420e+02	7.839954e-03
2.090723e+02	1.298293e-02
2.091628e+02	1.219074e-02
2.092433e+02	1.219844e-02
2.092834e+02	1.146924e-02
2.093240e+02	6.563898e-03
2.093643e+02	7.912896e-03
2.094046e+02	1.221757e-02
2.094448e+02	2.515410e-03
2.094751e+02	8.988998e-03
2.095154e+02	5.177748e-03
2.095959e+02	4.419932e-03
2.096362e+02	4.226893e-03
2.096766e+02	4.011386e-03
2.097571e+02	4.032871e-03
2.097974e+02	4.429441e-03
2.098377e+02	4.978813e-03
2.098781e+02	4.664112e-03
2.099183e+02	3.466358e-03
2.099586e+02	1.290327e-03
2.099990e+02	1.131247e-03
2.100292e+02	1.019767e-03
2.100795e+02	2.342169e-03
2.101198e+02	2.664861e-03
2.101501e+02	2.793090e-03
2.102016e+02	2.943743e-03
2.102413e+02	2.766945e-03
2.103217e+02	2.097766e-03
2.103620e+02	1.580029e-03
2.104021e+02	1.760340e-03
2.104425e+02	9.429113e-03
2.105231e+02	2.825269e-03
2.105633e+02	2.980394e-03
2.106036e+02	2.724459e-03
2.106439e+02	3.186654e-03
2.106841e+02	3.018460e-04
2.107244e+02	2.607171e-03
2.107646e+02	7.004080e-04
2.108049e+02	1.070588e-03
2.108754e+02	1.564401e-03
2.109157e+02	1.979037e-03
2.109559e+02	2.051331e-03
2.109961e+02	2.360602e-03
2.110364e+02	2.931444e-03
2.110768e+02	2.803878e-03
2.111170e+02	2.690830e-03
2.111573e+02	7.381350e-04
2.111978e+02	2.783233e-03
2.112381e+02	1.150970e-04
2.113188e+02	2.077184e-03
2.113590e+02	8.928430e-04
2.113994e+02	1.331474e-03
2.114396e+02	1.668057e-03
2.114800e+02	1.971262e-03
2.115202e+02	2.107041e-03
2.115606e+02	2.579537e-03
2.116010e+02	2.407643e-03
2.116815e+02	4.841520e-04
2.117220e+02	2.482015e-03
2.117621e+02	8.312710e-04
2.118024e+02	1.104881e-03
2.118427e+02	1.093720e-03
2.118830e+02	1.375114e-03
2.119233e+02	1.767554e-03
2.119637e+02	2.209611e-03
2.120444e+02	2.517171e-03
2.120847e+02	8.822200e-05
2.121249e+02	2.084265e-03
2.121550e+02	1.967123e-03
2.122358e+02	6.394020e-04
2.122759e+02	4.244300e-04
2.123162e+02	7.027300e-04
2.123564e+02	8.353160e-04
2.124372e+02	1.786665e-03
2.124774e+02	1.891041e-03
2.125581e+02	2.405181e-03
2.126386e+02	4.084010e-04
2.127191e+02	7.187900e-05
2.127594e+02	1.042540e-03
2.127996e+02	9.641040e-04
2.128401e+02	1.466314e-03
2.128802e+02	1.588351e-03
2.129205e+02	2.421103e-03
2.129609e+02	5.440271e-03
2.130013e+02	1.148512e-02
2.130420e+02	6.344782e-03
2.130822e+02	4.724236e-03
2.131226e+02	3.579237e-03
2.131630e+02	4.099904e-03
2.132436e+02	6.415367e-03
2.132839e+02	5.811544e-03
2.133290e+02	5.202785e-03
2.133488e+02	2.163913e-03
2.133991e+02	3.321012e-03
2.134395e+02	3.692418e-03
2.134797e+02	3.307398e-03
2.135201e+02	2.979968e-03
2.135503e+02	2.971888e-03
2.135907e+02	2.039320e-04
2.136411e+02	6.707890e-04
2.136712e+02	7.292020e-04
2.137216e+02	1.116385e-03
2.137620e+02	1.394734e-03
2.138022e+02	1.628065e-03
2.138424e+02	1.908364e-03
2.138829e+02	2.486082e-03
2.139232e+02	2.827231e-03
2.139636e+02	2.753383e-03
2.140441e+02	2.680823e-03
2.140844e+02	4.934950e-04
2.141247e+02	7.530670e-04
2.141650e+02	2.446822e-03
2.142357e+02	1.766150e-03
2.142759e+02	1.939592e-03
2.143162e+02	2.273216e-03
2.143967e+02	2.910807e-03
2.144372e+02	2.847223e-03
2.145176e+02	2.879150e-04
2.145882e+02	1.961299e-03
2.146385e+02	1.264190e-03
2.146787e+02	1.360112e-03
2.147190e+02	1.677428e-03
2.147594e+02	2.061911e-03
2.148397e+02	2.461023e-03
2.148803e+02	2.730290e-03
2.149605e+02	6.017100e-05
2.150008e+02	2.716660e-04
2.150411e+02	5.567750e-04
2.150815e+02	7.854870e-04
2.151219e+02	1.233084e-03
2.152025e+02	1.930433e-03
2.152429e+02	2.496265e-03
2.152832e+02	2.791696e-03
2.153233e+02	2.661200e-03
2.153636e+02	2.519945e-03
2.154039e+02	2.892500e-05
2.154441e+02	4.337000e-05
2.154845e+02	5.060210e-04
2.155247e+02	7.113120e-04
2.155551e+02	1.177943e-03
2.155952e+02	1.217920e-03
2.156355e+02	1.472342e-03
2.156758e+02	1.960103e-03
2.157161e+02	2.343911e-03
2.157463e+02	3.108197e-03
2.158372e+02	2.986417e-03
2.158773e+02	6.838260e-04
2.159177e+02	2.903543e-03
2.159579e+02	1.713039e-03
2.159982e+02	2.210972e-03
2.160384e+02	1.138184e-02
2.160787e+02	1.165166e-02
2.161189e+02	1.209742e-02
2.161592e+02	1.193296e-02
2.161994e+02	3.674470e-03
2.162399e+02	3.371698e-03
2.162804e+02	3.115944e-03
2.163204e+02	2.980760e-03
2.163609e+02	3.726307e-03
2.164010e+02	3.688352e-03
2.164414e+02	3.513120e-03
2.165221e+02	1.812505e-03
2.165624e+02	2.909259e-03
2.166027e+02	2.825411e-03
2.166429e+02	2.905610e-03
2.166831e+02	3.135970e-03
2.167235e+02	2.988538e-03
2.167637e+02	1.844614e-03
2.168041e+02	1.816519e-03
2.168746e+02	3.147100e-05
2.169302e+02	1.969341e-03
2.169503e+02	1.833682e-03
2.170007e+02	3.428600e-05
2.170411e+02	2.250300e-05
2.171216e+02	1.313320e-04
2.171619e+02	7.369760e-04
2.172022e+02	1.250387e-03
2.172829e+02	1.360921e-03
2.173232e+02	1.711295e-03
2.173634e+02	2.066555e-03
2.174038e+02	1.658226e-03
2.174441e+02	1.740100e-05
2.174844e+02	1.938800e-05
2.175247e+02	8.687135e-03
2.175550e+02	2.028860e-04
2.176358e+02	9.911700e-04
2.176760e+02	1.105697e-03
2.177063e+02	1.880120e-03
2.177571e+02	2.139861e-03
2.177975e+02	1.745437e-03
2.178377e+02	1.026720e-04
2.178779e+02	3.944100e-05
2.179182e+02	3.276880e-04
2.179585e+02	5.826720e-04
2.179988e+02	9.284560e-04
2.180391e+02	1.154672e-03
2.180795e+02	1.698231e-03
2.181197e+02	1.401328e-03
2.181608e+02	2.201583e-03
2.182003e+02	1.687459e-03
2.182405e+02	1.776493e-03
2.182814e+02	2.116993e-03
2.183114e+02	2.038546e-03
2.184020e+02	1.601223e-03
2.184424e+02	1.654675e-03
2.185230e+02	9.188160e-04
2.185633e+02	1.289338e-03
2.186035e+02	1.349483e-03
2.186438e+02	1.603480e-03
2.186841e+02	2.052850e-03
2.187243e+02	1.949880e-03
2.188753e+02	1.396300e-05
2.189156e+02	1.124631e-03
2.189559e+02	4.293950e-04
2.189962e+02	7.783890e-04
2.190767e+02	1.307070e-03
2.191169e+02	1.427139e-03
2.191571e+02	1.683113e-03
2.191975e+02	1.908220e-03
2.192378e+02	2.041957e-03
2.193183e+02	1.970769e-03
2.194013e+02	1.466109e-03
2.194315e+02	2.333110e-04
2.194819e+02	7.950030e-04
2.195222e+02	9.076730e-04
2.195624e+02	1.253783e-03
2.196029e+02	1.687343e-03
2.196429e+02	1.690956e-03
2.197235e+02	1.526857e-03
2.197638e+02	1.752058e-03
2.198041e+02	2.020140e-03
2.198445e+02	1.969671e-03
2.199271e+02	1.850148e-03
2.199472e+02	1.840060e-03
2.199979e+02	2.128361e-03
2.201589e+02	1.712740e-04
2.201991e+02	3.618310e-04
2.202397e+02	1.275868e-03
2.202797e+02	1.258084e-03
2.203201e+02	1.458579e-03
2.203603e+02	1.262395e-03
2.204006e+02	1.521252e-03
2.204410e+02	1.668323e-03
2.205622e+02	1.594100e-05
2.206023e+02	3.618670e-04
2.206426e+02	2.002140e-04
2.206829e+02	8.878690e-04
2.207232e+02	7.547510e-04
2.207635e+02	2.086737e-03
2.208037e+02	1.665795e-03
2.208842e+02	3.586900e-05
2.209647e+02	6.108010e-04
2.210050e+02	1.261500e-04
2.210352e+02	6.559920e-04
2.210761e+02	1.722805e-03
2.211564e+02	1.930703e-03
2.211967e+02	2.046701e-03
2.212370e+02	2.033560e-03
2.213580e+02	2.184300e-04
2.213882e+02	3.798480e-04
2.214385e+02	6.713050e-04
2.214788e+02	9.892020e-04
2.215191e+02	1.197726e-03
2.215594e+02	1.657964e-03
2.215997e+02	2.085596e-03
2.216401e+02	2.125938e-03
2.217103e+02	2.039152e-03
2.217607e+02	2.021206e-03
2.218011e+02	1.958001e-03
2.218816e+02	3.793690e-04
2.219218e+02	5.720640e-04
2.219620e+02	7.749570e-04
2.220024e+02	1.533666e-03
2.220429e+02	1.057260e-02
2.220830e+02	1.547997e-03
2.221234e+02	1.597520e-03
2.221636e+02	1.613103e-03
2.222038e+02	2.051145e-03
2.223248e+02	3.385160e-04
2.223952e+02	7.048300e-04
2.224758e+02	1.388859e-03
2.225562e+02	1.793682e-03
2.226366e+02	2.063651e-03
2.227172e+02	2.133508e-03
2.228779e+02	1.472328e-03
2.229486e+02	4.741490e-04
2.230390e+02	1.257086e-03
2.231194e+02	1.584889e-03
2.231999e+02	2.162773e-03
2.232704e+02	2.249655e-03
2.235220e+02	8.018790e-04
2.235925e+02	9.424700e-04
2.236830e+02	1.410508e-03
2.237636e+02	1.692205e-03
2.240051e+02	2.150660e-04
2.240756e+02	8.125560e-04
2.241560e+02	1.146006e-03
2.242368e+02	1.978231e-03
2.243170e+02	1.756037e-03
2.243975e+02	3.536800e-05
2.244782e+02	1.318340e-04
2.245587e+02	6.654070e-04
2.246393e+02	1.064304e-03
2.247196e+02	1.032485e-02
2.248001e+02	1.832641e-03
2.248805e+02	1.799062e-03
2.251220e+02	4.224040e-04
2.252026e+02	1.104050e-03
2.252830e+02	1.812955e-03
2.253635e+02	2.072666e-03
2.255245e+02	1.076420e-04
2.255951e+02	3.021270e-04
2.256755e+02	6.701850e-04
2.257561e+02	1.261844e-03
2.258365e+02	1.806737e-03
2.259170e+02	2.230706e-03
2.260778e+02	1.749366e-03
2.261582e+02	5.635220e-04
2.262387e+02	5.825450e-04
2.263189e+02	1.180050e-03
2.263893e+02	1.142892e-03
2.264800e+02	1.691200e-03
2.265605e+02	6.159700e-05
2.268021e+02	5.650430e-04
2.268826e+02	1.190666e-03
2.269631e+02	1.868921e-03
2.270336e+02	1.793740e-03
2.271241e+02	1.974000e-05
2.272848e+02	2.436800e-05
2.273552e+02	7.282920e-04
2.274357e+02	7.992990e-04
2.275161e+02	1.246716e-03
2.275969e+02	1.848249e-03
2.276771e+02	3.436100e-05
2.277575e+02	1.706197e-03
2.278380e+02	2.614800e-04
2.279184e+02	8.509300e-04
2.279990e+02	7.255970e-04
2.280694e+02	1.518416e-03
2.281600e+02	2.140479e-03
2.282408e+02	2.216299e-03
2.283209e+02	2.092631e-03
2.283627e+02	2.172414e-03
2.284332e+02	1.225176e-03
2.284835e+02	1.441446e-03
2.285641e+02	2.112938e-03
2.286044e+02	2.125803e-03
2.286447e+02	2.126034e-03
2.287957e+02	2.063350e-04
2.288361e+02	6.433460e-04
2.288763e+02	8.704140e-04
2.289168e+02	1.449667e-03
2.289572e+02	1.849802e-03
2.289973e+02	1.898256e-03
2.290780e+02	2.057590e-03
2.291183e+02	2.065664e-03
2.291587e+02	4.322000e-05
2.291988e+02	8.958200e-05
2.292391e+02	3.220950e-04
2.292794e+02	6.094450e-04
2.293196e+02	8.783800e-04
2.293600e+02	1.159506e-03
2.294404e+02	1.670408e-03
2.294807e+02	1.902658e-03
2.295210e+02	1.997469e-03
2.295618e+02	1.021551e-03
2.296017e+02	1.553372e-03
2.296419e+02	7.434010e-04
2.296822e+02	1.062772e-03
2.297225e+02	1.407162e-03
2.298031e+02	1.942882e-03
2.298432e+02	1.980290e-03
2.298736e+02	2.000512e-03
2.299239e+02	2.084255e-03
2.300749e+02	4.043620e-04
2.301151e+02	4.943130e-04
2.301555e+02	1.506979e-03
2.302361e+02	1.649039e-03
2.302766e+02	2.481346e-03
2.303168e+02	2.087786e-03
2.303971e+02	2.009383e-03
2.305179e+02	5.254900e-05
2.305884e+02	4.486200e-04
2.306386e+02	6.242900e-04
2.306788e+02	8.429160e-04
2.307191e+02	1.146980e-03
2.307594e+02	1.450056e-03
2.307996e+02	1.764979e-03
2.308400e+02	2.170682e-03
2.308802e+02	1.084323e-02
2.309205e+02	2.128717e-03
2.310818e+02	4.213360e-04
2.311622e+02	6.234040e-04
2.312023e+02	9.871722e-03
2.312428e+02	1.716848e-03
2.313133e+02	1.620093e-03
2.313939e+02	1.665294e-03
2.314642e+02	1.638743e-03
2.315547e+02	1.643189e-03
